frame,top,bottom,court,net,ball,pos,type
62254,"[[986.7003784179688, 341.9476013183594], [990.947509765625, 337.6489562988281], [983.868896484375, 337.6489562988281], [995.1946411132812, 339.08184814453125], [979.6217041015625, 337.6489562988281], [1002.273193359375, 359.14227294921875], [968.2960205078125, 356.2764892578125], [1000.8574829101562, 387.8000183105469], [961.2174682617188, 383.5013732910156], [996.6102905273438, 409.2933349609375], [952.7232055664062, 403.5617980957031], [990.947509765625, 412.1591491699219], [972.5431518554688, 410.7262268066406], [989.53173828125, 445.1155090332031], [975.3745727539062, 446.5484313964844], [981.0374755859375, 469.4746398925781], [979.6217041015625, 485.2364196777344]]","[[832.9136352539062, 556.9490356445312], [838.6177978515625, 551.1932373046875], [845.748046875, 548.3153076171875], [820.0792846679688, 549.7542724609375], [842.8959350585938, 551.1932373046875], [807.244873046875, 571.3385009765625], [847.174072265625, 575.6553955078125], [785.854248046875, 600.1175537109375], [882.8251342773438, 595.8007202148438], [811.5230102539062, 592.9227905273438], [892.8074340820312, 588.6058959960938], [805.81884765625, 640.4080810546875], [830.0615844726562, 641.8471069335938], [817.2271728515625, 686.4544677734375], [837.1917724609375, 700.843994140625], [820.0792846679688, 735.3788452148438], [824.357421875, 756.9630737304688]]","[[719, 396], [1197, 396], [656, 597], [1262, 597], [524, 978], [1397, 978]]","[[599, 425], [599, 597], [1320, 597], [1320, 425]]","[994, 435]",None,None
62255,"[[988.114013671875, 341.085205078125], [990.954345703125, 338.21429443359375], [983.853515625, 336.77880859375], [995.21484375, 339.6497497558594], [979.5929565429688, 338.21429443359375], [1002.3157348632812, 359.7461853027344], [968.2315673828125, 355.4397888183594], [1000.8955078125, 388.45538330078125], [961.1307373046875, 381.278076171875], [996.635009765625, 409.9872741699219], [954.0298461914062, 399.9390563964844], [990.954345703125, 412.8581848144531], [972.4921264648438, 409.9872741699219], [989.5341186523438, 445.8737487792969], [975.3324584960938, 445.8737487792969], [981.0131225585938, 470.27655029296875], [979.5929565429688, 484.6311950683594]]","[[845.7186889648438, 552.5359497070312], [839.994384765625, 551.1017456054688], [845.7186889648438, 548.2333984375], [819.9591064453125, 551.1017456054688], [842.8565063476562, 551.1017456054688], [807.0791625976562, 572.6146240234375], [847.1498413085938, 575.4830322265625], [787.0438842773438, 599.8642578125], [884.3582153320312, 596.9959106445312], [811.3724975585938, 592.6932983398438], [892.94482421875, 588.3907470703125], [805.6481323242188, 640.0216064453125], [829.9767456054688, 641.455810546875], [817.0968017578125, 687.3499145507812], [837.1322021484375, 700.257568359375], [819.9591064453125, 736.1123657226562], [824.2523193359375, 760.4935913085938]]","[[719, 396], [1197, 396], [656, 597], [1262, 597], [524, 978], [1397, 978]]","[[599, 425], [599, 597], [1320, 597], [1320, 425]]","[994, 435]",None,None
62256,"[[987.728515625, 341.70068359375], [990.5682373046875, 338.8315124511719], [984.8887329101562, 337.3969421386719], [996.2476806640625, 340.2660827636719], [979.2093505859375, 338.8315124511719], [1001.9270629882812, 358.91571044921875], [967.8504638671875, 356.0465393066406], [1001.9270629882812, 387.6073913574219], [960.751220703125, 381.8690490722656], [997.6675415039062, 409.12615966796875], [953.6519165039062, 400.51861572265625], [990.5682373046875, 413.429931640625], [972.1100463867188, 410.56072998046875], [989.1483764648438, 446.42535400390625], [974.9497680664062, 444.99078369140625], [982.049072265625, 469.3786926269531], [980.6292114257812, 485.1591491699219]]","[[845.7286376953125, 552.5265502929688], [840.0015869140625, 551.0919189453125], [845.7286376953125, 548.2225952148438], [819.9569091796875, 551.0919189453125], [842.8650512695312, 551.0919189453125], [807.0709838867188, 572.6119384765625], [847.160400390625, 575.4813232421875], [787.0262451171875, 599.8707275390625], [884.3862915039062, 597.0014038085938], [811.3662109375, 592.6973876953125], [892.976806640625, 588.3933715820312], [805.63916015625, 640.0415649414062], [829.9791870117188, 641.4762573242188], [817.0933227539062, 687.3857421875], [837.1380615234375, 700.2977905273438], [819.9569091796875, 736.16455078125], [824.2521362304688, 760.5540161132812]]","[[719, 396], [1197, 396], [656, 597], [1262, 597], [524, 978], [1397, 978]]","[[599, 425], [599, 597], [1320, 597], [1320, 425]]","[994, 435]",None,None
62257,"[[987.7512817382812, 341.7496032714844], [990.5924072265625, 338.8793640136719], [984.9100952148438, 337.44427490234375], [996.2747192382812, 340.3144836425781], [979.227783203125, 338.8793640136719], [1001.9570922851562, 358.9709167480469], [967.8631591796875, 356.1007080078125], [1001.9570922851562, 387.67315673828125], [960.76025390625, 381.9327087402344], [997.6953125, 409.1998291015625], [953.6573486328125, 400.58917236328125], [990.5924072265625, 413.50518798828125], [972.1248779296875, 410.6349182128906], [989.171875, 446.5126953125], [974.966064453125, 445.0776062011719], [982.0689697265625, 469.4744873046875], [980.6483764648438, 485.2607116699219]]","[[845.7887573242188, 552.6698608398438], [840.0567626953125, 551.2305297851562], [845.7887573242188, 548.351806640625], [819.994873046875, 549.7911376953125], [842.9227294921875, 551.2305297851562], [807.097900390625, 571.3812866210938], [847.2217407226562, 575.6993408203125], [785.6029052734375, 601.6074829101562], [884.4796142578125, 597.2894897460938], [811.3968505859375, 592.971435546875], [893.0775756835938, 588.6534423828125], [805.6648559570312, 640.4697875976562], [830.0257568359375, 640.4697875976562], [817.1288452148438, 686.5287475585938], [837.1908569335938, 699.48291015625], [819.994873046875, 736.9058227539062], [824.2937622070312, 759.9352416992188]]","[[719, 396], [1197, 396], [656, 597], [1262, 597], [524, 978], [1397, 978]]","[[599, 425], [599, 597], [1320, 597], [1320, 425]]","[994, 435]",None,None
62258,"[[988.0244750976562, 343.6217956542969], [990.8826904296875, 339.3109436035156], [985.1661987304688, 339.3109436035156], [996.5992431640625, 340.7478942871094], [979.4497680664062, 339.3109436035156], [1002.3157348632812, 360.8651123046875], [968.0167236328125, 356.55426025390625], [1002.3157348632812, 388.1670227050781], [960.87109375, 380.9822692871094], [998.0283203125, 409.72113037109375], [953.7254638671875, 403.973388671875], [990.8826904296875, 414.0319519042969], [972.3041381835938, 411.1580810546875], [989.45361328125, 447.0816345214844], [975.162353515625, 445.64471435546875], [980.87890625, 470.0727233886719], [980.87890625, 485.8790588378906]]","[[845.7685546875, 552.7381591796875], [840.037109375, 551.29736328125], [845.7685546875, 548.4158325195312], [819.9771118164062, 549.8566284179688], [842.9027709960938, 551.29736328125], [807.0813598632812, 571.4678955078125], [847.2013549804688, 575.7901611328125], [787.0213012695312, 598.8422241210938], [884.4557495117188, 597.4014892578125], [811.3799438476562, 593.0791625976562], [893.0528564453125, 588.7569580078125], [805.6484985351562, 640.6240844726562], [830.007080078125, 640.6240844726562], [817.111328125, 686.7281494140625], [837.17138671875, 699.6949462890625], [819.9771118164062, 735.7138061523438], [824.2756958007812, 760.2066040039062]]","[[719, 396], [1197, 396], [656, 597], [1262, 597], [524, 978], [1397, 978]]","[[599, 425], [599, 597], [1320, 597], [1320, 425]]","[994, 435]",None,None
62259,"[[986.2645874023438, 341.975341796875], [990.583740234375, 339.1031188964844], [984.824951171875, 339.1031188964844], [996.342529296875, 341.975341796875], [979.0661010742188, 339.1031188964844], [1003.541015625, 360.64471435546875], [967.5485229492188, 357.77252197265625], [1003.541015625, 386.4946594238281], [958.9103393554688, 379.3141174316406], [999.221923828125, 408.0362548828125], [951.7117919921875, 400.8557434082031], [989.1439819335938, 415.2168273925781], [971.8675537109375, 412.3446044921875], [989.1439819335938, 448.2472839355469], [974.7469482421875, 446.8111572265625], [981.9454956054688, 469.7889099121094], [979.0661010742188, 485.5860900878906]]","[[845.1219482421875, 551.7686157226562], [839.3823852539062, 550.33203125], [845.1219482421875, 547.4588623046875], [820.7289428710938, 550.33203125], [843.6870727539062, 550.33203125], [807.8150024414062, 571.8804931640625], [846.556884765625, 574.7536010742188], [784.8568725585938, 602.04833984375], [878.124267578125, 593.428955078125], [812.11962890625, 593.428955078125], [892.4730834960938, 589.1192626953125], [804.9451904296875, 639.3989868164062], [829.3381958007812, 640.8355712890625], [816.42431640625, 686.8056030273438], [837.9475708007812, 699.7346801757812], [820.7289428710938, 735.6488037109375], [825.0335693359375, 758.6337890625]]","[[719, 396], [1197, 396], [656, 597], [1262, 597], [524, 978], [1397, 978]]","[[599, 425], [599, 597], [1320, 597], [1320, 425]]","[994, 435]",None,None
62260,"[[987.7462768554688, 343.56976318359375], [991.9746704101562, 340.7073669433594], [984.9273681640625, 339.27618408203125], [997.6124877929688, 342.1385803222656], [980.6989135742188, 340.7073669433594], [1003.2504272460938, 362.1753845214844], [968.013671875, 357.88177490234375], [1004.659912109375, 386.5057678222656], [953.9190063476562, 376.4873962402344], [1000.4315185546875, 409.4049987792969], [952.5095825195312, 397.95538330078125], [990.565185546875, 415.1297912597656], [970.8326416015625, 412.2674255371094], [989.15576171875, 449.4786071777344], [975.0610961914062, 449.4786071777344], [982.1083984375, 470.94659423828125], [979.2894287109375, 486.6898193359375]]","[[845.8737182617188, 552.441650390625], [840.1441040039062, 549.560546875], [845.8737182617188, 548.1199340820312], [820.0905151367188, 549.560546875], [843.0089111328125, 551.0010986328125], [807.1989135742188, 571.1690673828125], [847.3060302734375, 575.4907836914062], [787.1453247070312, 598.5398559570312], [883.1160278320312, 597.0993041992188], [811.49609375, 592.777587890625], [893.142822265625, 588.4559326171875], [805.7665405273438, 640.3163452148438], [830.1173095703125, 640.3163452148438], [817.2257080078125, 686.41455078125], [837.279296875, 699.379638671875], [820.0905151367188, 736.8344116210938], [824.3876953125, 757.0023803710938]]","[[719, 396], [1197, 396], [656, 597], [1262, 597], [524, 978], [1397, 978]]","[[599, 425], [599, 597], [1320, 597], [1320, 425]]","[994, 431]",None,None
62261,"[[987.0841674804688, 343.2886657714844], [991.341552734375, 340.416259765625], [984.245849609375, 340.416259765625], [997.01806640625, 341.85247802734375], [979.988525390625, 340.416259765625], [1002.6946411132812, 363.3955078125], [968.6353759765625, 357.65069580078125], [1004.1137084960938, 387.81097412109375], [950.1866455078125, 373.44891357421875], [999.8563842773438, 410.79022216796875], [953.02490234375, 372.0127258300781], [988.5032958984375, 416.5350341796875], [970.0545654296875, 413.6626281738281], [988.5032958984375, 449.5676574707031], [974.3118896484375, 446.69525146484375], [981.4075927734375, 471.1107482910156], [979.988525390625, 486.9089660644531]]","[[844.9656372070312, 552.0100708007812], [840.6510009765625, 549.1270141601562], [844.9656372070312, 547.6854248046875], [820.5159301757812, 550.5685424804688], [843.5274047851562, 550.5685424804688], [807.5719604492188, 572.1920166015625], [846.40380859375, 575.0751342773438], [785.9985961914062, 599.5816650390625], [883.7975463867188, 598.14013671875], [811.8865966796875, 593.8154296875], [893.8651123046875, 589.49072265625], [806.1336669921875, 639.9454345703125], [829.145263671875, 641.3870239257812], [816.2012329101562, 686.075439453125], [837.7745971679688, 700.4910888671875], [820.5159301757812, 736.5301513671875], [824.83056640625, 756.7120361328125]]","[[719, 396], [1197, 396], [656, 597], [1262, 597], [524, 978], [1397, 978]]","[[599, 425], [599, 597], [1320, 597], [1320, 425]]","[992, 433]",None,None
62262,"[[987.5736694335938, 343.9456481933594], [990.434814453125, 339.6413269042969], [984.7125854492188, 339.6413269042969], [996.1570434570312, 342.5108947753906], [980.4208374023438, 339.6413269042969], [1003.3097534179688, 364.0326232910156], [968.9763793945312, 358.2934875488281], [1006.1708984375, 389.8586730957031], [947.5180053710938, 371.2065124511719], [999.0181274414062, 409.9456481933594], [966.1152954101562, 369.771728515625], [989.0042114257812, 415.6847839355469], [971.8375244140625, 412.815185546875], [987.5736694335938, 448.6847839355469], [974.6986083984375, 447.2499694824219], [981.8514404296875, 470.2065124511719], [980.4208374023438, 487.4238586425781]]","[[845.4817504882812, 551.2229614257812], [839.7340698242188, 548.3460083007812], [845.4817504882812, 546.9075927734375], [819.6171264648438, 549.7844848632812], [842.60791015625, 549.7844848632812], [806.684814453125, 571.3616333007812], [846.918701171875, 575.6770629882812], [788.0048828125, 598.6926879882812], [881.40478515625, 597.2542114257812], [810.99560546875, 590.0618286132812], [892.900146484375, 588.6233520507812], [806.684814453125, 640.408447265625], [829.6755981445312, 641.846923828125], [816.7433471679688, 686.4396362304688], [838.297119140625, 700.824462890625], [821.0540161132812, 738.2247924804688], [825.3648071289062, 756.925048828125]]","[[719, 396], [1197, 396], [656, 597], [1262, 597], [524, 978], [1397, 978]]","[[599, 425], [599, 597], [1320, 597], [1320, 425]]","[994, 424]",None,None
62263,"[[987.5650634765625, 343.4759826660156], [990.42529296875, 339.1749572753906], [984.704833984375, 339.1749572753906], [996.145751953125, 342.04229736328125], [980.41455078125, 339.1749572753906], [1003.29638671875, 363.5473937988281], [968.9735717773438, 357.81268310546875], [1006.1566772460938, 389.3534851074219], [947.5218505859375, 370.7157287597656], [1000.4361572265625, 409.4248962402344], [966.1133422851562, 370.7157287597656], [988.9952392578125, 415.1595764160156], [970.4037475585938, 412.292236328125], [987.5650634765625, 448.134033203125], [974.6940307617188, 448.134033203125], [981.8446655273438, 469.6391296386719], [980.41455078125, 486.8431701660156]]","[[844.8815307617188, 552.8348388671875], [840.6061401367188, 548.5266723632812], [844.8815307617188, 547.090576171875], [820.6546630859375, 549.9627075195312], [842.0313110351562, 549.9627075195312], [807.82861328125, 571.503662109375], [847.7317504882812, 575.8118286132812], [786.4519653320312, 598.7887573242188], [880.5093383789062, 595.9166870117188], [810.6788330078125, 590.1724243164062], [893.3353271484375, 590.1724243164062], [806.4035034179688, 640.4345703125], [830.6304321289062, 641.87060546875], [816.3792724609375, 686.3885498046875], [837.7559204101562, 700.7492065429688], [820.6546630859375, 738.0867309570312], [826.3551025390625, 756.7554931640625]]","[[719, 396], [1197, 396], [656, 597], [1262, 597], [524, 978], [1397, 978]]","[[599, 425], [599, 597], [1320, 597], [1320, 425]]","[997, 416]",None,None
62264,"[[987.339111328125, 344.623291015625], [991.5908813476562, 340.3292236328125], [984.5045776367188, 338.8978576660156], [997.2598266601562, 341.76055908203125], [980.2528686523438, 340.3292236328125], [1002.9288330078125, 364.6622619628906], [970.3321533203125, 357.5054931640625], [1008.5977783203125, 380.4071350097656], [946.2389526367188, 371.8190002441406], [1008.5977783203125, 400.44610595703125], [953.3251342773438, 361.7995300292969], [990.173583984375, 414.7596435546875], [970.3321533203125, 411.89691162109375], [987.339111328125, 449.1121520996094], [974.5839233398438, 449.1121520996094], [981.6701049804688, 470.5824279785156], [980.2528686523438, 487.7586975097656]]","[[844.9677734375, 551.7825317382812], [840.6621704101562, 547.464111328125], [844.9677734375, 547.464111328125], [820.5689086914062, 550.3430786132812], [843.5325927734375, 548.903564453125], [807.65185546875, 571.9353637695312], [846.4030151367188, 574.8143310546875], [787.5587158203125, 599.2855834960938], [880.8485107421875, 597.8460693359375], [811.95751953125, 593.5276489257812], [892.330322265625, 589.2091674804688], [806.2166748046875, 641.0307006835938], [830.615478515625, 641.0307006835938], [816.2632446289062, 685.6547241210938], [837.7916259765625, 701.4890747070312], [820.5689086914062, 736.0366821289062], [826.309814453125, 756.1895141601562]]","[[719, 396], [1197, 396], [656, 597], [1262, 597], [524, 978], [1397, 978]]","[[599, 425], [599, 597], [1320, 597], [1320, 425]]","[1001, 412]",None,None
62265,"[[986.9324340820312, 343.6298828125], [991.177734375, 339.3127746582031], [984.1021728515625, 339.3127746582031], [996.8381958007812, 342.19085693359375], [979.8568725585938, 339.3127746582031], [1002.4987182617188, 362.3373107910156], [969.9510498046875, 358.0202331542969], [1010.9893188476562, 378.1667175292969], [947.3092651367188, 372.4105529785156], [1012.4044189453125, 386.8009033203125], [952.9697265625, 365.21539306640625], [988.3474731445312, 414.14251708984375], [969.9510498046875, 411.2644958496094], [986.9324340820312, 448.6793518066406], [974.1963500976562, 448.6793518066406], [981.2719116210938, 470.2648620605469], [978.4417724609375, 487.53326416015625]]","[[844.8709716796875, 551.2536010742188], [840.5804443359375, 546.9279174804688], [844.8709716796875, 546.9279174804688], [820.5582275390625, 549.811767578125], [843.4407958984375, 549.811767578125], [806.2566528320312, 572.8820190429688], [846.3011474609375, 575.7658081054688], [787.66455078125, 598.8361206054688], [880.6249389648438, 597.3942260742188], [811.9772338867188, 593.0685424804688], [890.6360473632812, 591.6266479492188], [806.2566528320312, 640.6510009765625], [830.5693359375, 642.0929565429688], [816.2677001953125, 686.7916259765625], [839.1503295898438, 701.2105712890625], [820.5582275390625, 734.3741455078125], [826.2788696289062, 753.11865234375]]","[[719, 396], [1197, 396], [656, 597], [1262, 597], [524, 978], [1397, 978]]","[[599, 425], [599, 597], [1320, 597], [1320, 425]]","[1005, 408]",None,None
62266,"[[986.9324340820312, 343.3140869140625], [991.2295532226562, 340.43194580078125], [984.0677490234375, 340.43194580078125], [996.958984375, 341.8730163574219], [979.7705688476562, 340.43194580078125], [1001.2560424804688, 362.0478210449219], [969.7440185546875, 359.16571044921875], [1012.7149047851562, 377.8994445800781], [949.6909790039062, 373.5762634277344], [1009.8502197265625, 376.4584045410156], [953.9880981445312, 367.8120422363281], [988.3648071289062, 413.92584228515625], [971.1763916015625, 412.48480224609375], [988.3648071289062, 447.0701904296875], [975.4735107421875, 449.9522705078125], [982.6353759765625, 470.1270446777344], [979.7705688476562, 487.4197082519531]]","[[845.0628051757812, 550.7935791015625], [839.33984375, 546.4775390625], [845.0628051757812, 546.4775390625], [820.7405395507812, 549.3548583984375], [842.2012939453125, 549.3548583984375], [807.8640747070312, 572.3740234375], [846.4934692382812, 575.25146484375], [786.4032592773438, 601.1480102539062], [880.8307495117188, 596.8319091796875], [812.15625, 593.9545288085938], [892.2764892578125, 593.9545288085938], [805.0026245117188, 639.9928588867188], [829.3248291015625, 642.8702392578125], [817.8790893554688, 686.0311279296875], [839.33984375, 701.8568115234375], [820.7405395507812, 733.5081176757812], [825.03271484375, 757.9660034179688]]","[[719, 396], [1197, 396], [656, 597], [1262, 597], [524, 978], [1397, 978]]","[[599, 425], [599, 597], [1320, 597], [1320, 425]]","[999, 407]",top,short service
62267,"[[987.790283203125, 343.4219055175781], [990.6527099609375, 340.5462951660156], [984.9278564453125, 339.10845947265625], [996.3775024414062, 341.9841003417969], [979.2030029296875, 340.5462951660156], [1002.1023559570312, 362.113525390625], [969.1845703125, 357.8000793457031], [1014.9832763671875, 375.0538635253906], [952.0100708007812, 375.0538635253906], [1004.96484375, 375.0538635253906], [954.8724975585938, 372.1782531738281], [990.6527099609375, 415.3127746582031], [972.0469970703125, 413.87493896484375], [990.6527099609375, 446.94476318359375], [976.340576171875, 449.82037353515625], [982.0654296875, 471.3876647949219], [979.2030029296875, 485.7657775878906]]","[[845.3680419921875, 551.8416748046875], [838.203125, 550.4075317382812], [845.3680419921875, 547.539306640625], [819.574462890625, 550.4075317382812], [843.93505859375, 548.973388671875], [808.1107177734375, 573.353515625], [848.2339477539062, 576.2218017578125], [786.6160888671875, 600.6018676757812], [886.9241943359375, 599.167724609375], [812.4096069335938, 594.8654174804688], [889.7901611328125, 603.4701538085938], [805.2448120117188, 642.1915283203125], [831.0382690429688, 645.0597534179688], [815.2755126953125, 683.7810668945312], [839.6361083984375, 703.8588256835938], [819.574462890625, 733.9754638671875], [823.8734130859375, 755.4873046875]]","[[719, 396], [1197, 396], [656, 597], [1262, 597], [524, 978], [1397, 978]]","[[599, 425], [599, 597], [1320, 597], [1320, 425]]","[992, 399]",None,None
62268,"[[986.5953979492188, 343.4498596191406], [989.4713745117188, 339.138916015625], [983.7194213867188, 339.138916015625], [995.2233276367188, 342.01287841796875], [979.4054565429688, 340.575927734375], [999.5372924804688, 360.6935729980469], [969.3395385742188, 359.256591796875], [1013.9171142578125, 372.18939208984375], [950.645751953125, 375.0633239746094], [1000.9752807617188, 376.5002746582031], [947.769775390625, 389.43310546875], [989.4713745117188, 416.7356262207031], [972.2155151367188, 416.7356262207031], [992.3473510742188, 448.34912109375], [976.5294799804688, 451.2230529785156], [983.7194213867188, 469.90374755859375], [979.4054565429688, 487.1474609375]]","[[832.5597534179688, 558.3954467773438], [838.29150390625, 552.6412963867188], [845.4561157226562, 549.76416015625], [821.0963745117188, 552.6412963867188], [842.5902709960938, 551.2027587890625], [808.2001342773438, 575.6580810546875], [848.3219604492188, 577.0966186523438], [788.1392822265625, 601.552001953125], [872.6815795898438, 595.7977294921875], [813.9317626953125, 595.7977294921875], [894.1754150390625, 608.7447509765625], [805.3342895507812, 644.7084350585938], [829.6939697265625, 646.1470336914062], [813.9317626953125, 683.54931640625], [835.4256591796875, 708.004638671875], [819.6635131835938, 736.775634765625], [819.6635131835938, 769.8623046875]]","[[719, 396], [1197, 396], [656, 597], [1262, 597], [524, 978], [1397, 978]]","[[599, 425], [599, 597], [1320, 597], [1320, 425]]","[988, 392]",None,None
62269,"[[985.9459228515625, 343.53314208984375], [990.1937255859375, 339.2242431640625], [983.1139526367188, 339.2242431640625], [994.4417114257812, 342.09686279296875], [978.8660888671875, 340.6605529785156], [1000.1055297851562, 360.7686767578125], [970.370361328125, 359.3323974609375], [1014.2650756835938, 372.2590637207031], [950.5469360351562, 375.1316223144531], [1000.1055297851562, 376.5679626464844], [947.7149658203125, 389.49462890625], [990.1937255859375, 416.7842102050781], [973.2022705078125, 416.7842102050781], [993.0256958007812, 446.9464416503906], [977.4501342773438, 451.25531005859375], [983.1139526367188, 469.9271545410156], [980.2820434570312, 487.1627502441406]]","[[832.5579833984375, 558.6024780273438], [838.2907104492188, 552.8594360351562], [845.4566650390625, 548.5521240234375], [821.092529296875, 552.8594360351562], [842.59033203125, 551.4237060546875], [808.19384765625, 575.8317260742188], [848.322998046875, 577.2675170898438], [788.129150390625, 601.675537109375], [872.6871948242188, 595.9324340820312], [812.4933471679688, 591.6251831054688], [894.1849975585938, 608.8543701171875], [805.3274536132812, 644.74853515625], [829.691650390625, 646.1842651367188], [813.9265747070312, 683.5142211914062], [835.4243774414062, 707.9223022460938], [819.6593017578125, 736.6376342773438], [819.6593017578125, 769.6602172851562]]","[[719, 396], [1197, 396], [656, 597], [1262, 597], [524, 978], [1397, 978]]","[[599, 425], [599, 597], [1320, 597], [1320, 425]]","[986, 392]",None,None
62270,"[[984.4425659179688, 343.38348388671875], [988.7626342773438, 340.5162353515625], [981.5625, 340.5162353515625], [994.5227661132812, 341.94989013671875], [978.6824951171875, 340.5162353515625], [998.8428344726562, 360.58685302734375], [970.042236328125, 357.7196044921875], [1013.2431030273438, 367.7548828125], [951.3218994140625, 374.9229736328125], [1021.8833618164062, 363.45404052734375], [947.0018310546875, 387.8254699707031], [990.2026977539062, 415.0640869140625], [972.92236328125, 415.0640869140625], [994.5227661132812, 448.0372009277344], [977.242431640625, 449.4708251953125], [984.4425659179688, 469.5413818359375], [980.1224975585938, 485.3111267089844]]","[[831.8853759765625, 560.1315307617188], [836.1788940429688, 554.3927612304688], [826.1607055664062, 554.3927612304688], [820.43603515625, 554.3927612304688], [841.9036254882812, 554.3927612304688], [807.555419921875, 578.7825927734375], [851.9218139648438, 583.086669921875], [788.9501342773438, 607.4765625], [869.0960083007812, 598.8683471679688], [811.848876953125, 587.3908081054688], [886.2700805664062, 617.5194091796875], [806.1242065429688, 649.082763671875], [831.8853759765625, 649.082763671875], [810.417724609375, 683.5154418945312], [831.8853759765625, 716.5134887695312], [816.1424560546875, 732.2951049804688], [817.5736694335938, 772.4666748046875]]","[[719, 396], [1197, 396], [656, 597], [1262, 597], [524, 978], [1397, 978]]","[[599, 425], [599, 597], [1320, 597], [1320, 425]]","[980, 390]",None,None
62271,"[[985.24365234375, 342.5926513671875], [988.123291015625, 339.719970703125], [982.364013671875, 339.719970703125], [993.8826293945312, 341.15631103515625], [978.0444946289062, 339.719970703125], [998.2021484375, 359.8286437988281], [967.9656372070312, 358.3923034667969], [1012.6004638671875, 368.4466247558594], [950.6876831054688, 372.7556457519531], [1022.6793212890625, 362.7012939453125], [943.488525390625, 389.9916076660156], [989.5631713867188, 415.8455810546875], [972.28515625, 415.8455810546875], [996.7623291015625, 444.5722351074219], [976.6046752929688, 450.3175354003906], [986.6834716796875, 468.9898986816406], [979.4843139648438, 487.66217041015625]]","[[828.8095092773438, 561.2283325195312], [833.1021118164062, 555.4674072265625], [823.0860595703125, 555.4674072265625], [817.3626098632812, 555.4674072265625], [838.8255615234375, 555.4674072265625], [807.346435546875, 579.9512329101562], [850.2724609375, 584.2718505859375], [788.7451782226562, 611.6361694335938], [870.3046875, 608.7556762695312], [787.3143310546875, 611.6361694335938], [883.1824951171875, 621.7177124023438], [808.7772827148438, 649.0819702148438], [834.532958984375, 650.522216796875], [808.7772827148438, 683.6473999023438], [830.2403564453125, 715.332275390625], [807.346435546875, 735.4954223632812], [815.9317016601562, 774.3814697265625]]","[[719, 396], [1197, 396], [656, 597], [1262, 597], [524, 978], [1397, 978]]","[[599, 425], [599, 597], [1320, 597], [1320, 425]]","[975, 390]",None,None
62272,"[[985.6431884765625, 343.4915771484375], [988.5218505859375, 339.1720886230469], [982.7645874023438, 339.1720886230469], [994.279052734375, 342.0517578125], [977.0073852539062, 340.6119079589844], [998.5969848632812, 359.3297424316406], [968.37158203125, 357.889892578125], [1014.4293212890625, 367.9687194824219], [948.2212524414062, 375.1678771972656], [1024.50439453125, 362.20941162109375], [964.0536499023438, 385.2467041015625], [988.5218505859375, 412.6034851074219], [971.2501831054688, 412.6034851074219], [995.7183227539062, 441.400146484375], [975.5680541992188, 447.1594543457031], [989.9611206054688, 470.1967468261719], [978.4467163085938, 486.034912109375]]","[[828.4685668945312, 560.8992309570312], [832.7403564453125, 555.1492309570312], [824.1968383789062, 555.1492309570312], [815.6533813476562, 555.1492309570312], [837.0120239257812, 555.1492309570312], [807.1099243164062, 579.5866088867188], [849.8272094726562, 583.8990478515625], [788.5991821289062, 611.21142578125], [866.9140625, 609.77392578125], [785.7513427734375, 612.64892578125], [882.5770874023438, 625.5863037109375], [809.957763671875, 648.586181640625], [837.0120239257812, 650.023681640625], [808.5338745117188, 684.5234985351562], [829.8925170898438, 713.2733764648438], [804.2620849609375, 733.3982543945312], [815.6533813476562, 775.0855712890625]]","[[719, 396], [1197, 396], [656, 597], [1262, 597], [524, 978], [1397, 978]]","[[599, 425], [599, 597], [1320, 597], [1320, 425]]","[969, 392]",None,None
62273,"[[984.8781127929688, 343.0296325683594], [989.1729125976562, 338.7177429199219], [982.0149536132812, 338.7177429199219], [993.4675903320312, 340.155029296875], [977.7201538085938, 340.155029296875], [999.1939697265625, 358.83984375], [967.6990356445312, 358.83984375], [1014.9414672851562, 368.9009094238281], [950.52001953125, 373.2127990722656], [1026.3941650390625, 366.02630615234375], [946.2252197265625, 390.4602966308594], [989.1729125976562, 413.4570007324219], [970.562255859375, 414.894287109375], [996.330810546875, 442.2028503417969], [973.4253540039062, 447.9520263671875], [993.4675903320312, 472.3860168457031], [976.2886352539062, 486.75897216796875]]","[[825.9689331054688, 558.3500366210938], [811.608154296875, 549.7391357421875], [821.6607055664062, 555.479736328125], [814.4803466796875, 554.0445556640625], [836.0214233398438, 551.1742553710938], [805.8638916015625, 578.4421997070312], [850.3821411132812, 582.7476806640625], [788.6310424804688, 608.5804443359375], [863.3067626953125, 607.145263671875], [784.3228149414062, 610.0155639648438], [880.5396728515625, 625.80224609375], [810.172119140625, 647.32958984375], [837.4574584960938, 650.1998901367188], [807.2999877929688, 690.3841552734375], [836.0214233398438, 707.6060180664062], [804.4277954101562, 737.7442016601562], [821.6607055664062, 760.7067260742188]]","[[719, 396], [1197, 396], [656, 597], [1262, 597], [524, 978], [1397, 978]]","[[599, 425], [599, 597], [1320, 597], [1320, 425]]","[967, 396]",None,None
62274,"[[984.4757080078125, 343.95391845703125], [987.3326416015625, 339.642578125], [980.1904296875, 339.642578125], [993.0463256835938, 341.0797119140625], [975.9052124023438, 341.0797119140625], [998.7599487304688, 359.7622375488281], [965.9061889648438, 359.7622375488281], [1020.1863403320312, 372.6962890625], [950.193603515625, 375.5705261230469], [1013.0442504882812, 366.94781494140625], [948.7651977539062, 395.6901550292969], [987.3326416015625, 414.3727111816406], [968.7631225585938, 414.3727111816406], [998.7599487304688, 441.67791748046875], [970.1915283203125, 444.55218505859375], [993.0463256835938, 470.4202880859375], [973.04833984375, 484.79144287109375]]","[[825.273193359375, 552.4773559570312], [829.5786743164062, 540.9566650390625], [818.0975341796875, 538.0765380859375], [812.3569946289062, 548.1571044921875], [835.3191528320312, 546.717041015625], [803.7461547851562, 576.9588623046875], [848.2353515625, 576.9588623046875], [785.08935546875, 604.3204345703125], [866.8922119140625, 602.88037109375], [783.6542358398438, 594.2398681640625], [882.6787719726562, 618.7213134765625], [809.4866943359375, 650.4031982421875], [839.6245727539062, 650.4031982421875], [805.1813354492188, 689.2855224609375], [842.494873046875, 706.5665283203125], [803.7461547851562, 739.6884765625], [825.273193359375, 754.0894165039062]]","[[719, 396], [1197, 396], [656, 597], [1262, 597], [524, 978], [1397, 978]]","[[599, 425], [599, 597], [1320, 597], [1320, 425]]","[995, 425]",None,None
62275,"[[983.3905639648438, 343.7769470214844], [987.6549072265625, 340.913818359375], [980.547607421875, 340.913818359375], [993.3406372070312, 340.913818359375], [974.86181640625, 340.913818359375], [999.0264892578125, 359.5240478515625], [966.3330078125, 359.5240478515625], [1020.348388671875, 373.83953857421875], [949.2755126953125, 375.2711181640625], [1011.8196411132812, 366.6817932128906], [947.8540649414062, 395.3128662109375], [987.6549072265625, 413.9230651855469], [969.1759643554688, 415.3546142578125], [999.0264892578125, 441.1225891113281], [970.597412109375, 443.9856872558594], [993.3406372070312, 471.1852111816406], [973.4403076171875, 485.5007629394531]]","[[824.9962768554688, 553.5558471679688], [830.7077026367188, 543.4912109375], [834.9912719726562, 544.9290771484375], [812.145751953125, 549.242431640625], [834.9912719726562, 546.3668212890625], [803.5786743164062, 576.5607299804688], [849.269775390625, 577.9985961914062], [785.0166625976562, 603.8790893554688], [866.40380859375, 602.4412231445312], [783.5887451171875, 593.8143920898438], [882.1102294921875, 618.2571411132812], [810.7178955078125, 649.8888549804688], [839.2747802734375, 649.8888549804688], [806.434326171875, 690.1473999023438], [843.558349609375, 705.9631958007812], [803.5786743164062, 740.4705200195312], [824.9962768554688, 753.410888671875]]","[[719, 396], [1197, 396], [656, 597], [1262, 597], [524, 978], [1397, 978]]","[[599, 425], [599, 597], [1320, 597], [1320, 425]]","[992, 426]",None,None
62276,"[[981.3203125, 347.5473937988281], [985.6254272460938, 343.2239685058594], [978.4501953125, 343.2239685058594], [991.3656005859375, 344.6651306152344], [975.5801391601562, 344.6651306152344], [998.5408935546875, 360.5176696777344], [965.5347900390625, 360.5176696777344], [1022.9367065429688, 376.3702087402344], [952.619384765625, 373.4879150390625], [1014.3263549804688, 369.1645202636719], [949.749267578125, 399.428466796875], [987.060546875, 413.8398742675781], [966.9698486328125, 413.8398742675781], [998.5408935546875, 441.2215270996094], [969.8399658203125, 442.66265869140625], [992.8007202148438, 472.9266052246094], [968.4048461914062, 484.45574951171875]]","[[825.3316650390625, 548.45458984375], [829.6292114257812, 541.2490844726562], [836.7916870117188, 541.2490844726562], [812.4391479492188, 545.5723876953125], [836.7916870117188, 542.6902465820312], [803.8441772460938, 572.9530029296875], [851.11669921875, 574.3941040039062], [782.3565673828125, 597.4514770507812], [891.226806640625, 601.7747192382812], [776.6265869140625, 581.5994873046875], [888.3617553710938, 606.0980224609375], [811.0066528320312, 647.8894653320312], [841.0892333984375, 647.8894653320312], [803.8441772460938, 689.6810302734375], [849.6842651367188, 696.8864135742188], [802.41162109375, 744.4423217773438], [833.9266967773438, 740.1190185546875]]","[[719, 396], [1197, 396], [656, 597], [1262, 597], [524, 978], [1397, 978]]","[[599, 425], [599, 597], [1320, 597], [1320, 425]]","[986, 424]",None,None
62277,"[[980.2402954101562, 347.56671142578125], [984.5510864257812, 343.2433776855469], [977.3663940429688, 343.2433776855469], [990.2987060546875, 346.1255798339844], [974.4926147460938, 344.6844787597656], [997.4832763671875, 361.977783203125], [964.4342041015625, 361.977783203125], [1019.0370483398438, 377.8299560546875], [954.3757934570312, 376.38885498046875], [1019.0370483398438, 377.8299560546875], [948.6280517578125, 403.7698974609375], [985.9879760742188, 413.8576965332031], [965.8711547851562, 413.8576965332031], [998.9202270507812, 441.23876953125], [968.7449340820312, 441.23876953125], [993.1725463867188, 472.943115234375], [962.9972534179688, 480.148681640625]]","[[828.0767822265625, 542.6574096679688], [832.3566284179688, 536.8901977539062], [820.943603515625, 536.8901977539062], [816.6637573242188, 541.215576171875], [838.0631103515625, 536.8901977539062], [806.6774291992188, 568.6097412109375], [852.3292846679688, 568.6097412109375], [779.571533203125, 590.2367553710938], [872.3020629882812, 587.3531494140625], [771.0117797851562, 570.0515747070312], [893.701416015625, 591.6785278320312], [812.3838500976562, 642.1415405273438], [842.3429565429688, 642.1415405273438], [800.970947265625, 686.8373413085938], [855.1825561523438, 691.1627197265625], [802.3974609375, 745.9511108398438], [839.48974609375, 728.6495361328125]]","[[719, 396], [1197, 396], [656, 597], [1262, 597], [524, 978], [1397, 978]]","[[599, 425], [599, 597], [1320, 597], [1320, 425]]","[949, 416]",None,None
62278,"[[980.5232543945312, 347.1815185546875], [983.3684692382812, 344.3106994628906], [977.677978515625, 344.3106994628906], [990.4815673828125, 345.74609375], [973.41015625, 345.74609375], [996.1719970703125, 361.53570556640625], [963.451904296875, 362.97113037109375], [1010.398193359375, 374.4544677734375], [952.0708618164062, 380.1961364746094], [1026.0469970703125, 385.9378356933594], [943.53515625, 407.4691162109375], [984.7910766601562, 413.2107849121094], [964.8744506835938, 413.2107849121094], [996.1719970703125, 440.48370361328125], [967.7196655273438, 440.48370361328125], [993.3267822265625, 473.49835205078125], [954.9160766601562, 474.93377685546875]]","[[830.52978515625, 540.6838989257812], [834.8228149414062, 533.5045776367188], [823.374755859375, 533.5045776367188], [817.6506958007812, 533.5045776367188], [841.9778442382812, 532.0687255859375], [810.4956665039062, 559.35009765625], [854.85693359375, 559.35009765625], [779.0133666992188, 580.8880004882812], [872.0291137695312, 576.5804443359375], [768.9962158203125, 559.35009765625], [892.0633544921875, 572.2728271484375], [816.2196044921875, 635.45068359375], [846.2708740234375, 635.45068359375], [800.478515625, 684.27001953125], [859.1499633789062, 678.5265502929688], [801.9095458984375, 746.0120239257812], [844.8399047851562, 723.0382690429688]]","[[719, 396], [1197, 396], [656, 597], [1262, 597], [524, 978], [1397, 978]]","[[599, 425], [599, 597], [1320, 597], [1320, 425]]","[945, 425]",None,None
62279,"[[980.2079467773438, 346.14959716796875], [983.0773315429688, 343.2889099121094], [977.3385620117188, 343.2889099121094], [988.8160400390625, 346.14959716796875], [971.5997314453125, 344.71923828125], [993.1201782226562, 360.45318603515625], [961.5568237304688, 363.3138732910156], [1007.4671630859375, 376.18707275390625], [947.2099609375, 389.060302734375], [1018.9447021484375, 384.7692565917969], [940.0364379882812, 409.08526611328125], [983.0773315429688, 411.9460144042969], [962.9915771484375, 413.3763732910156], [993.1201782226562, 437.69244384765625], [965.8609619140625, 440.5531311035156], [993.1201782226562, 473.45135498046875], [950.0792846679688, 470.5906677246094]]","[[836.2488403320312, 535.8553466796875], [840.5496215820312, 530.0916748046875], [844.8502807617188, 525.7689819335938], [823.3466796875, 528.6508178710938], [844.8502807617188, 528.6508178710938], [814.7451782226562, 554.5870971679688], [857.7525024414062, 554.5870971679688], [781.77294921875, 571.8779907226562], [876.3890380859375, 566.1143188476562], [768.8706665039062, 548.823486328125], [892.158447265625, 557.4689331054688], [819.0459594726562, 628.0733032226562], [849.1510620117188, 628.0733032226562], [803.276611328125, 681.3868408203125], [860.6196899414062, 666.977783203125], [800.409423828125, 743.3457641601562], [850.5846557617188, 718.850341796875]]","[[719, 396], [1197, 396], [656, 597], [1262, 597], [524, 978], [1397, 978]]","[[599, 425], [599, 597], [1320, 597], [1320, 425]]","[939, 437]",None,None
62280,"[[977.160888671875, 347.4872131347656], [981.430419921875, 344.61773681640625], [974.3145141601562, 343.1829833984375], [987.1232299804688, 346.052490234375], [970.0449829101562, 344.61773681640625], [991.3927612304688, 360.39990234375], [961.505859375, 361.8346252441406], [1002.7782592773438, 376.1820373535156], [948.6971435546875, 386.2252502441406], [1014.1637573242188, 384.7904968261719], [940.1580200195312, 406.3116760253906], [980.0072021484375, 407.7463684082031], [961.505859375, 410.6158752441406], [988.5463256835938, 437.8759765625], [961.505859375, 443.61492919921875], [992.81591796875, 473.7445068359375], [947.27392578125, 473.7445068359375]]","[[839.5642700195312, 528.8395385742188], [845.2879028320312, 521.6441650390625], [833.840576171875, 523.083251953125], [828.1168212890625, 521.6441650390625], [849.5806884765625, 520.205078125], [818.1004028320312, 548.986572265625], [862.4590454101562, 550.4256591796875], [786.6201782226562, 564.81640625], [881.0609741210938, 553.3038330078125], [768.0181884765625, 541.7911987304688], [896.8010864257812, 541.7911987304688], [822.3931884765625, 622.3793334960938], [852.4425048828125, 620.9402465820312], [806.653076171875, 677.0641479492188], [863.889892578125, 658.356201171875], [799.4984741210938, 738.9443969726562], [858.166259765625, 715.919189453125]]","[[719, 396], [1197, 396], [656, 597], [1262, 597], [524, 978], [1397, 978]]","[[599, 425], [599, 597], [1320, 597], [1320, 425]]","[935, 448]",None,None
62281,"[[977.1700439453125, 347.47412109375], [981.4429931640625, 344.6045837402344], [974.3214111328125, 343.1697692871094], [987.1402587890625, 346.0393371582031], [970.0484619140625, 346.0393371582031], [991.4132690429688, 360.3871154785156], [961.5025024414062, 361.8219299316406], [1002.8078002929688, 376.16973876953125], [948.68359375, 386.21319580078125], [1014.202392578125, 384.7784118652344], [940.1376953125, 406.3000793457031], [980.0186767578125, 407.7348937988281], [961.5025024414062, 410.60443115234375], [988.5646362304688, 437.8652648925781], [961.5025024414062, 443.6043701171875], [992.8375244140625, 473.7347412109375], [947.2593383789062, 473.7347412109375]]","[[840.9389038085938, 527.4551391601562], [845.2269897460938, 521.6942749023438], [833.7920532226562, 523.134521484375], [828.0745849609375, 521.6942749023438], [849.51513671875, 520.2540893554688], [819.4982299804688, 547.6182250976562], [863.8088989257812, 550.4986572265625], [786.6226196289062, 564.9008178710938], [880.9614868164062, 553.3790893554688], [768.040771484375, 541.8573608398438], [896.6845092773438, 541.8573608398438], [822.3570556640625, 622.5095825195312], [852.3738403320312, 621.0693969726562], [806.6339111328125, 677.2379150390625], [863.8088989257812, 657.0748291015625], [799.487060546875, 739.1672973632812], [858.0914306640625, 716.1238403320312]]","[[719, 396], [1197, 396], [656, 597], [1262, 597], [524, 978], [1397, 978]]","[[599, 425], [599, 597], [1320, 597], [1320, 425]]","[935, 448]",None,None
62282,"[[975.6654052734375, 346.8243103027344], [979.9203491210938, 343.9621887207031], [972.8287963867188, 343.9621887207031], [985.5936889648438, 343.9621887207031], [969.9921264648438, 343.9621887207031], [988.4302978515625, 358.2728576660156], [960.0639038085938, 362.5660705566406], [995.52197265625, 374.0146484375], [947.2990112304688, 386.8942565917969], [1005.4501953125, 381.1699523925781], [937.3707275390625, 408.3602600097656], [975.6654052734375, 406.9292297363281], [958.6455078125, 408.3602600097656], [984.1753540039062, 441.27484130859375], [957.2272338867188, 441.27484130859375], [992.685302734375, 471.3273010253906], [944.4623413085938, 474.18939208984375]]","[[844.4144897460938, 524.2002563476562], [850.1643676757812, 515.553466796875], [838.6646118164062, 516.9945678710938], [832.9147338867188, 515.553466796875], [854.4767456054688, 515.553466796875], [824.2899169921875, 542.93505859375], [865.9765014648438, 544.3761596679688], [791.2282104492188, 557.346435546875], [878.9136962890625, 544.3761596679688], [769.6661376953125, 541.4939575195312], [891.8509521484375, 534.2882080078125], [830.0398559570312, 616.4329833984375], [858.7891845703125, 614.9918212890625], [811.3527221679688, 671.1962280273438], [864.5390625, 652.46142578125], [801.2904663085938, 733.1651000976562], [868.8515014648438, 708.6657104492188]]","[[719, 396], [1197, 396], [656, 597], [1262, 597], [524, 978], [1397, 978]]","[[599, 425], [599, 597], [1320, 597], [1320, 425]]","[930, 459]",None,None
62283,"[[973.7959594726562, 345.8979187011719], [978.0739135742188, 343.0366516113281], [970.9439697265625, 343.0366516113281], [983.7779541015625, 344.4673156738281], [968.0919799804688, 344.4673156738281], [980.9259033203125, 361.6346740722656], [958.1099243164062, 361.6346740722656], [988.0559692382812, 367.3571472167969], [942.424072265625, 388.8164367675781], [1002.31591796875, 381.663330078125], [935.2940063476562, 405.98382568359375], [970.9439697265625, 405.98382568359375], [955.2579956054688, 407.4144592285156], [979.4999389648438, 437.4573669433594], [953.83203125, 441.74920654296875], [989.48193359375, 467.5003356933594], [943.8499755859375, 474.6534118652344]]","[[850.4848022460938, 518.2958984375], [856.23193359375, 512.5582885742188], [844.7376708984375, 513.9927368164062], [838.9906005859375, 511.1239318847656], [860.542236328125, 512.5582885742188], [831.8067016601562, 535.5086669921875], [870.599609375, 538.37744140625], [797.3240356445312, 557.0245361328125], [879.2203369140625, 535.5086669921875], [770.0253295898438, 542.6806030273438], [884.9674682617188, 526.9022216796875], [834.6802368164062, 608.662841796875], [863.415771484375, 607.2283935546875], [817.43896484375, 666.0386962890625], [867.7261352539062, 648.8258666992188], [805.9447631835938, 724.848876953125], [876.3467407226562, 701.8984985351562]]","[[719, 396], [1197, 396], [656, 597], [1262, 597], [524, 978], [1397, 978]]","[[599, 425], [599, 597], [1320, 597], [1320, 425]]","[924, 480]",None,None
62284,"[[973.0242309570312, 347.93194580078125], [977.2890625, 343.6195068359375], [970.1809692382812, 343.6195068359375], [981.553955078125, 345.0570068359375], [965.9160766601562, 345.0570068359375], [980.13232421875, 360.8692932128906], [955.9647216796875, 362.3067626953125], [985.81884765625, 369.494140625], [943.1701049804688, 385.30645751953125], [995.7702026367188, 382.4314880371094], [933.2186279296875, 406.8686828613281], [967.3377075195312, 402.5562438964844], [951.6998291015625, 405.4311828613281], [977.2890625, 432.7433776855469], [950.2781982421875, 438.4932861328125], [982.9755859375, 465.8053894042969], [943.1701049804688, 470.1178283691406]]","[[861.1640625, 516.889404296875], [862.5996704101562, 511.1402587890625], [851.1151123046875, 512.5775146484375], [845.3728637695312, 511.1402587890625], [865.4708251953125, 511.1402587890625], [836.7594604492188, 535.57421875], [872.6486206054688, 537.0115356445312], [803.7413940429688, 557.1336059570312], [878.390869140625, 531.2623291015625], [775.0300903320312, 547.0725708007812], [878.390869140625, 529.8250122070312], [839.6305541992188, 608.8761596679688], [865.4708251953125, 604.5643310546875], [822.4038696289062, 662.0560302734375], [869.7774658203125, 641.9339599609375], [812.3547973632812, 725.2969970703125], [879.8264770507812, 683.6154174804688]]","[[719, 396], [1197, 396], [656, 597], [1262, 597], [524, 978], [1397, 978]]","[[599, 425], [599, 597], [1320, 597], [1320, 425]]","[920, 495]",None,None
62285,"[[971.6373291015625, 350.52508544921875], [975.9008178710938, 347.647216796875], [968.794921875, 347.647216796875], [981.5855102539062, 347.647216796875], [964.5313720703125, 347.647216796875], [981.5855102539062, 359.15869140625], [954.5831909179688, 362.03656005859375], [983.0067138671875, 370.6701965332031], [941.79248046875, 385.0595397949219], [991.5338134765625, 383.62060546875], [930.423095703125, 406.6435852050781], [964.5313720703125, 402.3267517089844], [947.477294921875, 403.76568603515625], [974.4796142578125, 431.1054992675781], [948.8983764648438, 435.4222717285156], [975.9008178710938, 459.8841857910156], [940.3713989257812, 469.95672607421875]]","[[861.7703857421875, 517.5460205078125], [867.5078125, 511.7958984375], [873.2453002929688, 511.7958984375], [851.7297973632812, 511.7958984375], [871.8109130859375, 511.7958984375], [844.55810546875, 534.7963256835938], [878.9827270507812, 539.10888671875], [814.4365234375, 557.7966918945312], [878.9827270507812, 530.4837036132812], [782.880615234375, 553.4840698242188], [784.31494140625, 553.4840698242188], [844.55810546875, 606.6724853515625], [870.3765258789062, 602.3599243164062], [825.911376953125, 662.7359619140625], [871.8109130859375, 638.2980346679688], [821.6083374023438, 720.2369384765625], [881.8513793945312, 675.6737060546875]]","[[719, 396], [1197, 396], [656, 597], [1262, 597], [524, 978], [1397, 978]]","[[599, 425], [599, 597], [1320, 597], [1320, 425]]","[917, 512]",None,None
62286,"[[966.9725952148438, 353.4139404296875], [971.2608032226562, 350.5390930175781], [965.543212890625, 350.5390930175781], [978.4078369140625, 351.97650146484375], [962.6843872070312, 350.5390930175781], [975.5490112304688, 364.9134521484375], [951.249267578125, 366.35089111328125], [978.4078369140625, 376.4129333496094], [941.2434692382812, 383.60015869140625], [986.984130859375, 386.47503662109375], [928.37890625, 406.5991516113281], [961.2550048828125, 402.28680419921875], [944.1022338867188, 403.7242736816406], [971.2608032226562, 431.0355529785156], [944.1022338867188, 433.9104309082031], [969.8314208984375, 458.3468933105469], [934.096435546875, 469.84637451171875]]","[[879.2349243164062, 516.7330322265625], [856.1961059570312, 510.9901428222656], [879.2349243164062, 512.4258422851562], [856.1961059570312, 512.4258422851562], [877.7950439453125, 515.2973022460938], [848.9965209960938, 539.7044067382812], [879.2349243164062, 539.7044067382812], [824.5178833007812, 562.6758422851562], [840.3569946289062, 565.5472412109375], [792.8395385742188, 565.5472412109375], [794.2794799804688, 565.5472412109375], [853.3162841796875, 602.8758544921875], [876.3551025390625, 601.4401245117188], [828.837646484375, 661.7401123046875], [870.5953979492188, 634.4615478515625], [831.7174682617188, 723.4757690429688], [882.1148071289062, 673.2257690429688]]","[[719, 396], [1197, 396], [656, 597], [1262, 597], [524, 978], [1397, 978]]","[[599, 425], [599, 597], [1320, 597], [1320, 425]]","[911, 519]",bottom,net shot
62287,"[[967.08984375, 353.4486999511719], [971.3770141601562, 350.57257080078125], [965.6608276367188, 350.57257080078125], [978.5220947265625, 352.0106506347656], [962.8027954101562, 350.57257080078125], [975.6640625, 364.9533386230469], [951.3704833984375, 366.39141845703125], [979.9512329101562, 376.45794677734375], [939.938232421875, 385.0863952636719], [987.0963134765625, 386.52447509765625], [927.0769653320312, 408.09564208984375], [961.3737182617188, 402.3432922363281], [944.2254028320312, 403.7814025878906], [971.3770141601562, 431.1048278808594], [944.2254028320312, 433.9809875488281], [969.9479370117188, 458.4282531738281], [934.2221069335938, 469.9328918457031]]","[[878.5846557617188, 517.339599609375], [855.7904052734375, 511.5794372558594], [878.5846557617188, 513.0194702148438], [855.7904052734375, 513.0194702148438], [877.1600341796875, 515.8995361328125], [848.6671752929688, 540.3800048828125], [880.00927734375, 540.3800048828125], [825.8729858398438, 561.98046875], [838.6947631835938, 564.8605346679688], [791.681640625, 564.8605346679688], [791.681640625, 563.4204711914062], [852.941162109375, 603.7413330078125], [875.7354125976562, 602.30126953125], [830.1469116210938, 661.3424682617188], [871.46142578125, 635.4219360351562], [831.571533203125, 723.263671875], [881.4338989257812, 672.8626708984375]]","[[719, 396], [1197, 396], [656, 597], [1262, 597], [524, 978], [1397, 978]]","[[599, 425], [599, 597], [1320, 597], [1320, 425]]","[909, 517]",None,None
62288,"[[966.648193359375, 357.62652587890625], [970.9136962890625, 354.75634765625], [963.8045043945312, 353.3212585449219], [976.60107421875, 356.1914367675781], [959.5390625, 354.75634765625], [972.3355102539062, 369.1072998046875], [949.5861206054688, 369.1072998046875], [976.60107421875, 380.58807373046875], [938.2114868164062, 386.32843017578125], [980.8665771484375, 389.1986389160156], [926.8367919921875, 409.28997802734375], [958.1171875, 404.98468017578125], [942.4769897460938, 406.4197692871094], [969.4918823242188, 429.3813171386719], [943.8988037109375, 435.1217041015625], [962.3826904296875, 455.2130432128906], [931.102294921875, 470.9991149902344]]","[[872.36572265625, 526.2005004882812], [859.409423828125, 514.6799926757812], [879.563720703125, 519.0001831054688], [860.8489990234375, 517.5601196289062], [881.0032958984375, 520.4402465820312], [853.6510620117188, 544.9213256835938], [882.44287109375, 544.9213256835938], [847.8927001953125, 570.8424682617188], [879.563720703125, 579.4828491210938], [801.8258666992188, 573.7225952148438], [801.8258666992188, 573.7225952148438], [859.409423828125, 605.4039916992188], [881.0032958984375, 602.5238647460938], [833.496826171875, 665.8866577148438], [873.8053588867188, 638.5254516601562], [837.8156127929688, 726.3692626953125], [888.2012329101562, 674.5269775390625]]","[[719, 396], [1197, 396], [656, 597], [1262, 597], [524, 978], [1397, 978]]","[[599, 425], [599, 597], [1320, 597], [1320, 425]]","[898, 487]",None,None
62289,"[[962.7313232421875, 363.4848327636719], [967.0416259765625, 360.6121520996094], [959.8578491210938, 359.1758117675781], [972.7886352539062, 360.6121520996094], [956.9843139648438, 359.1758117675781], [971.3518676757812, 372.1029357910156], [948.36376953125, 373.53924560546875], [979.972412109375, 370.6665954589844], [936.8697509765625, 392.21173095703125], [965.6048583984375, 392.21173095703125], [929.6859741210938, 409.4478759765625], [955.5475463867188, 408.01153564453125], [939.7432250976562, 408.01153564453125], [967.0416259765625, 432.429443359375], [941.1799926757812, 435.3020935058594], [955.5475463867188, 455.41094970703125], [923.93896484375, 474.08343505859375]]","[[858.0762329101562, 522.0579223632812], [859.5126342773438, 517.7365112304688], [860.9490356445312, 522.0579223632812], [862.385498046875, 522.0579223632812], [881.0589599609375, 523.4984130859375], [858.0762329101562, 546.546142578125], [885.3681640625, 546.546142578125], [852.3305053710938, 573.9153442382812], [855.2034301757812, 573.9153442382812], [813.5472412109375, 581.1177978515625], [814.983642578125, 581.1177978515625], [866.6947631835938, 609.927490234375], [886.8046875, 605.6060791015625], [839.4027709960938, 667.546875], [873.8768310546875, 635.8562622070312], [840.8391723632812, 728.0472412109375], [886.8046875, 673.308837890625]]","[[719, 396], [1197, 396], [656, 597], [1262, 597], [524, 978], [1397, 978]]","[[599, 425], [599, 597], [1320, 597], [1320, 425]]","[894, 469]",None,None
62290,"[[961.0277099609375, 368.7260437011719], [965.3347778320312, 365.84503173828125], [958.1561889648438, 365.84503173828125], [971.0776977539062, 367.2855529785156], [953.8489990234375, 365.84503173828125], [971.0776977539062, 378.8096923828125], [945.2347412109375, 380.2502136230469], [969.6419677734375, 396.09588623046875], [932.313232421875, 397.53643798828125], [972.5134887695312, 410.5010681152344], [923.6988525390625, 413.38214111328125], [953.8489990234375, 414.8226623535156], [938.0560913085938, 413.38214111328125], [962.46337890625, 440.751953125], [939.4918212890625, 439.3114318847656], [950.9776000976562, 458.0381774902344], [919.3917236328125, 476.764892578125]]","[[861.1102905273438, 521.2734985351562], [862.5358276367188, 516.9644165039062], [863.96142578125, 515.5280151367188], [863.96142578125, 521.2734985351562], [882.49462890625, 522.7098388671875], [862.5358276367188, 545.6918334960938], [885.3458251953125, 544.2554931640625], [858.2589721679688, 575.8556518554688], [881.0689697265625, 574.4193115234375], [825.4696044921875, 591.65576171875], [832.5977172851562, 593.0921630859375], [872.5152587890625, 610.3286743164062], [891.0484008789062, 607.4558715820312], [844.0027465820312, 664.9108276367188], [871.089599609375, 636.183349609375], [848.2796020507812, 726.6748657226562], [886.771484375, 673.529052734375]]","[[719, 396], [1197, 396], [656, 597], [1262, 597], [524, 978], [1397, 978]]","[[599, 425], [599, 597], [1320, 597], [1320, 425]]","[885, 452]",None,None
62291,"[[957.4635620117188, 374.78448486328125], [960.2928466796875, 371.9236145019531], [954.6343383789062, 371.9236145019531], [967.3659057617188, 371.9236145019531], [950.3905029296875, 371.9236145019531], [970.1951293945312, 383.3670654296875], [941.9027099609375, 384.7975158691406], [968.780517578125, 401.9627380371094], [929.1712646484375, 401.9627380371094], [971.6097412109375, 417.697509765625], [915.0250244140625, 429.1409912109375], [954.6343383789062, 421.9888000488281], [937.658935546875, 421.9888000488281], [961.7073974609375, 442.0148620605469], [937.658935546875, 442.0148620605469], [950.3905029296875, 459.1800842285156], [917.854248046875, 480.6365966796875]]","[[862.5609741210938, 520.0256958007812], [862.5609741210938, 517.1448974609375], [862.5609741210938, 517.1448974609375], [863.99755859375, 521.466064453125], [882.673095703125, 521.466064453125], [863.99755859375, 547.3932495117188], [888.41943359375, 544.512451171875], [861.12451171875, 577.6415405273438], [891.2926025390625, 574.7607421875], [830.9563598632812, 596.36669921875], [830.9563598632812, 597.80712890625], [875.490234375, 609.3302612304688], [895.6023559570312, 606.449462890625], [846.7587280273438, 664.0653076171875], [871.1804809570312, 635.2573852539062], [853.9415893554688, 724.5619506835938], [886.9828491210938, 672.7077026367188]]","[[719, 396], [1197, 396], [656, 597], [1262, 597], [524, 978], [1397, 978]]","[[599, 425], [599, 597], [1320, 597], [1320, 425]]","[879, 435]",None,None
62292,"[[953.4968872070312, 376.1122741699219], [957.7443237304688, 373.24609375], [950.6653442382812, 371.8130187988281], [963.4076538085938, 374.6791687011719], [946.4178466796875, 373.24609375], [966.2392578125, 389.010009765625], [937.9229125976562, 387.5769348144531], [967.6550903320312, 404.7738952636719], [926.596435546875, 406.20697021484375], [969.0709228515625, 421.97088623046875], [911.0225830078125, 434.8686218261719], [950.6653442382812, 424.8370361328125], [932.2597045898438, 424.8370361328125], [960.5759887695312, 442.0340270996094], [933.675537109375, 446.3332824707031], [950.6653442382812, 459.23101806640625], [916.685791015625, 482.1603698730469]]","[[863.5269165039062, 521.3887939453125], [863.5269165039062, 518.5186767578125], [864.9490356445312, 518.5186767578125], [864.9490356445312, 521.3887939453125], [883.4368896484375, 521.3887939453125], [864.9490356445312, 547.2196044921875], [889.12548828125, 542.9144897460938], [866.3712158203125, 574.4854125976562], [893.3919677734375, 574.4854125976562], [837.9283447265625, 598.8812255859375], [872.0597534179688, 585.9658203125], [880.5926513671875, 607.491455078125], [897.6583251953125, 604.6213989257812], [849.305419921875, 663.458251953125], [874.9039916992188, 636.1923828125], [862.104736328125, 723.7301635742188], [886.28125, 674.9385986328125]]","[[719, 396], [1197, 396], [656, 597], [1262, 597], [524, 978], [1397, 978]]","[[599, 425], [599, 597], [1320, 597], [1320, 425]]","[877, 428]",None,None
62293,"[[953.4478759765625, 376.1163635253906], [957.7061767578125, 373.2412109375], [950.6090698242188, 371.80364990234375], [963.3838500976562, 374.67877197265625], [946.3507690429688, 373.2412109375], [966.2225952148438, 387.6167907714844], [937.834228515625, 387.6167907714844], [967.6420288085938, 404.86749267578125], [926.4788818359375, 406.3050231933594], [969.0614624023438, 422.1181640625], [910.8652954101562, 435.0561828613281], [950.6090698242188, 424.9932861328125], [932.1565551757812, 424.9932861328125], [960.5449829101562, 442.24395751953125], [933.5759887695312, 446.556640625], [950.6090698242188, 458.0570983886719], [916.54296875, 482.4955749511719]]","[[863.5724487304688, 521.5491943359375], [863.5724487304688, 518.6663818359375], [864.9925537109375, 518.6663818359375], [864.9925537109375, 521.5491943359375], [883.4546508789062, 521.5491943359375], [864.9925537109375, 547.4949951171875], [889.1351928710938, 543.170654296875], [866.4127197265625, 574.8821411132812], [893.395751953125, 573.440673828125], [838.0095825195312, 597.9449462890625], [872.0933837890625, 586.41357421875], [880.6143188476562, 606.5935668945312], [897.65625, 603.710693359375], [849.370849609375, 664.2506713867188], [874.9336547851562, 636.8635864257812], [862.1522827148438, 723.3493041992188], [886.294921875, 674.3406982421875]]","[[719, 396], [1197, 396], [656, 597], [1262, 597], [524, 978], [1397, 978]]","[[599, 425], [599, 597], [1320, 597], [1320, 425]]","[876, 424]",None,None
62294,"[[949.6093139648438, 374.7267150878906], [952.470458984375, 371.8608703613281], [946.7482299804688, 370.42791748046875], [959.6231079101562, 373.29376220703125], [942.4566040039062, 371.8608703613281], [962.4841918945312, 387.62298583984375], [935.303955078125, 387.62298583984375], [962.4841918945312, 404.8180847167969], [922.4290161132812, 403.3851318359375], [968.2063598632812, 419.14727783203125], [905.2625122070312, 434.9094543457031], [949.6093139648438, 422.0131530761719], [931.0123291015625, 423.4460754394531], [951.0398559570312, 459.2691345214844], [928.1511840820312, 449.23870849609375], [949.6093139648438, 457.83624267578125], [913.8457641601562, 480.7629699707031]]","[[864.5702514648438, 519.059326171875], [864.5702514648438, 517.6187133789062], [865.9953002929688, 516.1781005859375], [865.9953002929688, 519.059326171875], [884.5210571289062, 520.4999389648438], [865.9953002929688, 544.9902954101562], [893.0713500976562, 544.9902954101562], [867.4203491210938, 576.6836547851562], [890.22119140625, 575.2430419921875], [841.7694091796875, 596.8521118164062], [873.12060546875, 586.7678833007812], [881.6708984375, 608.3770141601562], [901.6217041015625, 604.05517578125], [851.7447509765625, 663.1201171875], [878.82080078125, 635.74853515625], [870.2705078125, 716.422607421875], [887.3711547851562, 676.0855712890625]]","[[719, 396], [1197, 396], [656, 597], [1262, 597], [524, 978], [1397, 978]]","[[599, 425], [599, 597], [1320, 597], [1320, 425]]","[875, 418]",None,None
62295,"[[946.7584838867188, 373.37554931640625], [951.024658203125, 370.508056640625], [942.4923706054688, 369.07427978515625], [956.7127685546875, 371.94183349609375], [938.226318359375, 370.508056640625], [959.5568237304688, 387.7132568359375], [928.2720947265625, 387.7132568359375], [959.5568237304688, 403.48468017578125], [914.0516967773438, 407.7859802246094], [966.6669921875, 416.3885803222656], [904.097412109375, 435.0275573730469], [945.3364868164062, 422.1236572265625], [925.427978515625, 422.1236572265625], [948.1806030273438, 455.10028076171875], [924.0059204101562, 453.66650390625], [959.5568237304688, 469.43792724609375], [914.0516967773438, 483.7756042480469]]","[[865.4931640625, 516.0255737304688], [866.931396484375, 514.5848999023438], [866.931396484375, 514.5848999023438], [868.36962890625, 518.9068603515625], [885.6288452148438, 518.9068603515625], [868.36962890625, 544.8386840820312], [894.2584228515625, 541.9573364257812], [869.8079223632812, 573.6517333984375], [891.3818969726562, 572.2110595703125], [841.0426025390625, 596.7022094726562], [841.0426025390625, 596.7022094726562], [884.1905517578125, 605.34619140625], [902.8880004882812, 602.46484375], [853.9869995117188, 661.5316772460938], [881.31396484375, 635.599853515625], [882.7523193359375, 716.2765502929688], [888.5053100585938, 674.49755859375]]","[[719, 396], [1197, 396], [656, 597], [1262, 597], [524, 978], [1397, 978]]","[[599, 425], [599, 597], [1320, 597], [1320, 425]]","[872, 407]",None,None
62296,"[[943.44580078125, 370.01141357421875], [947.7630004882812, 367.12884521484375], [940.567626953125, 367.12884521484375], [952.0802612304688, 368.57012939453125], [934.811279296875, 367.12884521484375], [953.5193481445312, 384.4241638183594], [924.7377319335938, 382.9828796386719], [959.2756958007812, 400.2781982421875], [913.22509765625, 403.16070556640625], [966.4710693359375, 413.24969482421875], [901.7124633789062, 431.98626708984375], [939.1285400390625, 424.7798767089844], [917.5423583984375, 424.7798767089844], [943.44580078125, 453.6053771972656], [921.859619140625, 455.04669189453125], [957.8365478515625, 473.7832336425781], [913.22509765625, 483.8722229003906]]","[[867.2578125, 512.9265747070312], [867.2578125, 511.48870849609375], [868.6900024414062, 511.48870849609375], [868.6900024414062, 515.8023071289062], [888.7413940429688, 515.8023071289062], [870.1222534179688, 541.6841430664062], [895.9026489257812, 538.808349609375], [870.1222534179688, 571.8795166015625], [898.76708984375, 571.8795166015625], [840.045166015625, 594.885498046875], [878.7157592773438, 584.8203735351562], [885.8768920898438, 604.9506225585938], [905.9282836914062, 600.6370239257812], [857.2321166992188, 661.0277709960938], [884.4447021484375, 635.14599609375], [890.1736450195312, 704.1640625], [890.1736450195312, 673.9686889648438]]","[[719, 396], [1197, 396], [656, 597], [1262, 597], [524, 978], [1397, 978]]","[[599, 425], [599, 597], [1320, 597], [1320, 425]]","[870, 401]",None,None
62297,"[[938.4856567382812, 369.01800537109375], [942.7628784179688, 366.1358337402344], [935.6342163085938, 364.69476318359375], [949.8914184570312, 367.576904296875], [931.3571166992188, 364.69476318359375], [952.7428588867188, 386.3109436035156], [922.802734375, 380.546630859375], [958.44580078125, 402.16278076171875], [909.9713134765625, 400.72174072265625], [967.0001220703125, 415.1325378417969], [898.5654907226562, 430.9844055175781], [934.2085571289062, 425.2200927734375], [914.2484130859375, 425.2200927734375], [944.1885375976562, 446.83624267578125], [917.099853515625, 455.48272705078125], [925.6541748046875, 461.2470397949219], [911.39697265625, 481.4221496582031]]","[[868.5281372070312, 513.5481567382812], [868.5281372070312, 510.6694030761719], [869.957275390625, 509.23004150390625], [869.957275390625, 514.9874877929688], [889.9654541015625, 513.5481567382812], [871.386474609375, 540.8961181640625], [899.9695434570312, 538.0173950195312], [869.957275390625, 571.1228637695312], [901.3987426757812, 572.562255859375], [839.9449462890625, 592.71337890625], [881.3905639648438, 584.0771484375], [889.9654541015625, 604.228271484375], [907.1153564453125, 599.9102172851562], [862.8114624023438, 664.6817626953125], [888.536376953125, 635.8944091796875], [902.8279418945312, 709.3021240234375], [888.536376953125, 666.1211547851562]]","[[719, 396], [1197, 396], [656, 597], [1262, 597], [524, 978], [1397, 978]]","[[599, 425], [599, 597], [1320, 597], [1320, 425]]","[866, 394]",None,None
62298,"[[937.0823364257812, 367.94927978515625], [941.3959350585938, 365.08038330078125], [934.2066040039062, 365.08038330078125], [947.1473999023438, 367.94927978515625], [929.8928833007812, 365.08038330078125], [948.5852661132812, 385.1625671386719], [921.2656860351562, 380.8592224121094], [957.2125244140625, 400.94140625], [906.886962890625, 400.94140625], [965.8397827148438, 413.8513488769531], [895.384033203125, 431.0646667480469], [928.455078125, 426.7613220214844], [911.2005615234375, 425.3268737792969], [942.8338012695312, 449.71234130859375], [914.0763549804688, 455.45013427734375], [921.2656860351562, 466.9256591796875], [908.3248901367188, 479.83563232421875]]","[[868.404296875, 511.1177062988281], [868.404296875, 509.6762390136719], [871.2611694335938, 511.1177062988281], [871.2611694335938, 514.000732421875], [891.2594604492188, 514.000732421875], [871.2611694335938, 541.3890991210938], [902.68701171875, 538.506103515625], [869.832763671875, 571.6604614257812], [899.8301391601562, 573.1019287109375], [836.9784545898438, 591.8413696289062], [838.4068603515625, 591.8413696289062], [891.2594604492188, 604.8147583007812], [909.829345703125, 600.4903564453125], [868.404296875, 665.3575439453125], [892.6879272460938, 635.086181640625], [911.2577514648438, 708.602294921875], [892.6879272460938, 663.9160766601562]]","[[719, 396], [1197, 396], [656, 597], [1262, 597], [524, 978], [1397, 978]]","[[599, 425], [599, 597], [1320, 597], [1320, 425]]","[868, 392]",None,None
62299,"[[936.8412475585938, 368.0276794433594], [941.1322631835938, 365.16534423828125], [933.9806518554688, 365.16534423828125], [946.853515625, 368.0276794433594], [929.6896362304688, 365.16534423828125], [948.2838745117188, 385.20159912109375], [921.1077880859375, 380.9081115722656], [956.8657836914062, 400.9443664550781], [906.8046264648438, 400.9443664550781], [966.8779907226562, 415.2559509277344], [895.3619995117188, 430.9987487792969], [928.2593994140625, 426.70526123046875], [911.0955200195312, 425.2740783691406], [942.5626220703125, 449.6038513183594], [913.9561767578125, 455.3284606933594], [921.1077880859375, 466.77777099609375], [908.23486328125, 479.658203125]]","[[868.6843872070312, 511.01910400390625], [868.6843872070312, 509.5843505859375], [871.560791015625, 511.01910400390625], [870.12255859375, 513.888671875], [891.6962280273438, 513.888671875], [870.12255859375, 542.583984375], [903.2020874023438, 538.2796630859375], [870.12255859375, 571.279296875], [900.3256225585938, 571.279296875], [837.0430297851562, 592.8008422851562], [838.4813232421875, 591.3660278320312], [891.6962280273438, 605.7136840820312], [908.9551391601562, 601.409423828125], [868.6843872070312, 665.973876953125], [893.1344604492188, 635.8438110351562], [908.9551391601562, 706.1473388671875], [916.1463012695312, 713.3211669921875]]","[[719, 396], [1197, 396], [656, 597], [1262, 597], [524, 978], [1397, 978]]","[[599, 425], [599, 597], [1320, 597], [1320, 425]]","[864, 392]",None,None
62300,"[[933.2141723632812, 367.8916320800781], [937.4929809570312, 365.0337829589844], [930.3616333007812, 365.0337829589844], [944.624267578125, 367.8916320800781], [926.0828857421875, 366.46270751953125], [946.0504760742188, 386.46759033203125], [917.5252685546875, 383.6097412109375], [956.0342407226562, 400.75677490234375], [900.4102172851562, 406.4724426269531], [966.0181274414062, 415.04595947265625], [893.2788696289062, 429.3351745605469], [926.0828857421875, 427.9062805175781], [907.54150390625, 426.4773254394531], [940.345458984375, 453.6268310546875], [911.8202514648438, 459.3424987792969], [914.6727905273438, 470.77386474609375], [906.1151733398438, 479.34735107421875]]","[[868.4041137695312, 513.7837524414062], [869.828369140625, 510.9150390625], [871.2525634765625, 509.4806823730469], [871.2525634765625, 513.7837524414062], [892.6161499023438, 513.7837524414062], [872.6768188476562, 542.4710693359375], [905.4342041015625, 539.6023559570312], [868.4041137695312, 572.5927734375], [912.555419921875, 572.5927734375], [837.0709838867188, 591.2395629882812], [837.0709838867188, 591.2395629882812], [894.040283203125, 605.5831909179688], [911.131103515625, 601.2800903320312], [876.9495849609375, 667.260986328125], [896.8888549804688, 638.5736083984375], [918.2523193359375, 714.5950317382812], [921.1007690429688, 717.4637451171875]]","[[719, 396], [1197, 396], [656, 597], [1262, 597], [524, 978], [1397, 978]]","[[599, 425], [599, 597], [1320, 597], [1320, 425]]","[864, 392]",None,None
62301,"[[929.0529174804688, 373.303955078125], [934.7897338867188, 368.996826171875], [926.1845092773438, 367.5611267089844], [941.9607543945312, 370.4325256347656], [921.8818969726562, 368.996826171875], [943.3949584960938, 389.09674072265625], [911.8424072265625, 384.78961181640625], [954.8687133789062, 400.5823974609375], [900.3687133789062, 399.14666748046875], [964.9081420898438, 413.5037536621094], [887.4608154296875, 433.6036376953125], [921.8818969726562, 429.2965393066406], [903.2371215820312, 427.8608093261719], [936.2239379882812, 458.01068115234375], [908.9739990234375, 460.8820495605469], [908.9739990234375, 479.5462646484375], [897.5003051757812, 482.41766357421875]]","[[870.7125244140625, 517.581298828125], [870.7125244140625, 514.7069702148438], [872.1519165039062, 511.83251953125], [872.1519165039062, 516.1441040039062], [892.3033447265625, 516.1441040039062], [876.4700927734375, 543.4508056640625], [908.1365356445312, 542.0135498046875], [867.833740234375, 576.5062255859375], [916.7728271484375, 576.5062255859375], [837.6066284179688, 592.3153686523438], [883.6669921875, 583.692138671875], [898.060791015625, 606.687255859375], [912.4547119140625, 603.8129272460938], [883.6669921875, 671.3609619140625], [892.3033447265625, 672.7981567382812], [923.9697875976562, 720.2255249023438], [898.060791015625, 675.6725463867188]]","[[719, 396], [1197, 396], [656, 597], [1262, 597], [524, 978], [1397, 978]]","[[599, 425], [599, 597], [1320, 597], [1320, 425]]","[864, 395]",None,None
62302,"[[926.5344848632812, 374.830322265625], [930.833251953125, 371.96746826171875], [923.668701171875, 370.53607177734375], [936.5647583007812, 373.3988952636719], [917.9370727539062, 370.53607177734375], [940.863525390625, 389.1445617675781], [907.90673828125, 387.7131652832031], [952.3267211914062, 402.02740478515625], [892.1448974609375, 407.75311279296875], [962.3569946289062, 413.478759765625], [883.5474853515625, 434.9501647949219], [919.3699340820312, 432.0873107910156], [900.7423095703125, 427.7930603027344], [930.833251953125, 462.147216796875], [903.6080932617188, 460.7158203125], [906.473876953125, 483.6185607910156], [892.1448974609375, 489.3442687988281]]","[[869.197021484375, 523.3511962890625], [870.626953125, 519.0392456054688], [894.936767578125, 514.727294921875], [872.0569458007812, 519.0392456054688], [894.936767578125, 519.0392456054688], [876.346923828125, 546.3483276367188], [907.806640625, 543.4736938476562], [869.197021484375, 579.4066162109375], [920.6765747070312, 577.9692993164062], [836.3071899414062, 593.77978515625], [920.6765747070312, 611.027587890625], [899.2266845703125, 608.1530151367188], [914.9566650390625, 606.7156372070312], [887.7868041992188, 674.2695922851562], [896.3667602539062, 669.9576416015625], [926.3965454101562, 721.701171875], [902.086669921875, 678.5816040039062]]","[[719, 396], [1197, 396], [656, 597], [1262, 597], [524, 978], [1397, 978]]","[[599, 425], [599, 597], [1320, 597], [1320, 425]]","[864, 399]",None,None
62303,"[[925.2474975585938, 379.3918762207031], [928.0921020507812, 375.0768127441406], [920.9805908203125, 375.0768127441406], [933.7813110351562, 376.5151672363281], [916.7137451171875, 375.0768127441406], [936.6257934570312, 392.3370666503906], [903.9131469726562, 392.3370666503906], [948.004150390625, 405.28228759765625], [896.8016357421875, 422.54254150390625], [960.8047485351562, 416.7891540527344], [906.7577514648438, 432.6110534667969], [915.2914428710938, 438.3644714355469], [896.8016357421875, 435.4877624511719], [926.6697998046875, 464.2548828125], [898.2239990234375, 461.378173828125], [903.9131469726562, 484.39190673828125], [888.2678833007812, 493.02203369140625]]","[[870.840087890625, 524.7456665039062], [870.840087890625, 518.9957275390625], [872.2633056640625, 518.9957275390625], [873.6865844726562, 520.4332275390625], [895.035400390625, 518.9957275390625], [877.9563598632812, 546.307861328125], [907.8446655273438, 541.9954223632812], [873.6865844726562, 580.8074340820312], [923.5004272460938, 572.1825561523438], [839.5285034179688, 592.3072509765625], [840.9517211914062, 592.3072509765625], [903.5748901367188, 610.9945068359375], [917.807373046875, 606.6820678710938], [890.765625, 671.3687744140625], [899.3051147460938, 665.6188354492188], [926.346923828125, 723.1181030273438], [907.8446655273438, 682.8685913085938]]","[[719, 396], [1197, 396], [656, 597], [1262, 597], [524, 978], [1397, 978]]","[[599, 425], [599, 597], [1320, 597], [1320, 425]]","[864, 407]",None,None
62304,"[[918.845458984375, 383.85357666015625], [923.1546630859375, 380.9894104003906], [915.97265625, 380.9894104003906], [928.9002685546875, 382.42144775390625], [913.099853515625, 379.5573425292969], [930.336669921875, 398.1744079589844], [903.0450439453125, 393.878173828125], [944.7006225585938, 406.7669372558594], [888.6810913085938, 415.3594055175781], [959.064697265625, 418.2236022949219], [890.1174926757812, 432.5444641113281], [911.6634521484375, 442.5690002441406], [892.9902954101562, 441.1369323730469], [924.591064453125, 466.91448974609375], [890.1174926757812, 469.7786560058594], [904.4814453125, 484.0994873046875], [880.0626220703125, 502.71661376953125]]","[[870.7213745117188, 524.1221923828125], [870.7213745117188, 518.369140625], [872.14453125, 518.369140625], [873.5677490234375, 519.807373046875], [893.4923706054688, 519.807373046875], [880.6836547851562, 545.6961669921875], [909.1474609375, 541.38134765625], [873.5677490234375, 578.7762451171875], [923.3792724609375, 575.8997192382812], [842.257568359375, 591.7206420898438], [842.257568359375, 591.7206420898438], [907.7242431640625, 608.9798583984375], [920.532958984375, 604.6650390625], [892.0692138671875, 669.3869018554688], [889.2227783203125, 649.251220703125], [926.2257080078125, 722.6027221679688], [907.7242431640625, 680.89306640625]]","[[719, 396], [1197, 396], [656, 597], [1262, 597], [524, 978], [1397, 978]]","[[599, 425], [599, 597], [1320, 597], [1320, 425]]","[860, 411]",None,None
62305,"[[918.9356689453125, 383.89129638671875], [923.248046875, 381.0244140625], [916.0607299804688, 381.0244140625], [928.9978637695312, 382.4578552246094], [913.1858520507812, 379.5909423828125], [930.435302734375, 398.2256774902344], [901.6861572265625, 393.9253845214844], [944.8099975585938, 406.8263244628906], [888.7489624023438, 415.4269714355469], [959.1845703125, 418.2938537597656], [890.1864013671875, 432.62823486328125], [911.7483520507812, 442.66229248046875], [893.061279296875, 441.2288818359375], [924.6854858398438, 467.03082275390625], [890.1864013671875, 468.4642639160156], [904.5610961914062, 484.2320861816406], [878.6867065429688, 502.8667907714844]]","[[871.2947387695312, 524.08056640625], [871.2947387695312, 518.3259887695312], [872.7349243164062, 519.7646484375], [874.1752319335938, 519.7646484375], [892.8978881835938, 519.7646484375], [879.93603515625, 545.6602172851562], [910.1803588867188, 541.3442993164062], [874.1752319335938, 578.7489624023438], [923.1422119140625, 575.8717041015625], [842.4906616210938, 591.69677734375], [842.4906616210938, 591.69677734375], [907.2999267578125, 608.96044921875], [921.7020263671875, 604.64453125], [892.8978881835938, 669.3834228515625], [888.5772094726562, 649.242431640625], [926.0225830078125, 722.6131591796875], [908.7401123046875, 680.892578125]]","[[719, 396], [1197, 396], [656, 597], [1262, 597], [524, 978], [1397, 978]]","[[599, 425], [599, 597], [1320, 597], [1320, 425]]","[856, 415]",None,None
62306,"[[917.19482421875, 391.05670166015625], [921.5054931640625, 386.7338562011719], [912.8840942382812, 385.29290771484375], [924.3792724609375, 388.1748046875], [907.1365356445312, 385.29290771484375], [925.816162109375, 402.5843505859375], [897.0783081054688, 401.1434020996094], [938.7481689453125, 411.2300720214844], [885.5831298828125, 421.3167724609375], [953.1171264648438, 421.3167724609375], [869.7772827148438, 418.4348449707031], [910.0103149414062, 450.1358642578125], [889.893798828125, 448.69488525390625], [921.5054931640625, 470.3092041015625], [885.5831298828125, 471.7501525878906], [904.2627563476562, 483.2778015136719], [879.8355712890625, 494.8054504394531]]","[[870.8414916992188, 522.072265625], [870.8414916992188, 517.7655639648438], [872.2808837890625, 519.2011108398438], [872.2808837890625, 517.7655639648438], [895.311767578125, 514.8944702148438], [879.47802734375, 545.0411376953125], [908.2666625976562, 536.4277954101562], [875.1597290039062, 578.0589599609375], [924.1004638671875, 572.3167114257812], [843.4923095703125, 592.4144897460938], [844.9317016601562, 592.4144897460938], [909.7061767578125, 609.6411743164062], [925.5398559570312, 601.02783203125], [895.311767578125, 667.0634155273438], [905.3878173828125, 649.8367309570312], [925.5398559570312, 721.6146240234375], [911.1455688476562, 678.5479125976562]]","[[719, 396], [1197, 396], [656, 597], [1262, 597], [524, 978], [1397, 978]]","[[599, 425], [599, 597], [1320, 597], [1320, 425]]","[852, 419]",None,None
62307,"[[912.1908569335938, 395.3549499511719], [916.4439697265625, 391.03265380859375], [909.35546875, 391.03265380859375], [920.6970825195312, 393.9142150878906], [905.1023559570312, 391.03265380859375], [922.11474609375, 409.7626037597656], [890.92529296875, 406.8810729980469], [940.544921875, 422.7294616699219], [869.65966796875, 414.0848693847656], [936.2918090820312, 418.40716552734375], [862.5711669921875, 421.2886962890625], [906.52001953125, 455.86700439453125], [886.6721801757812, 454.42626953125], [916.4439697265625, 474.5969543457031], [881.0013427734375, 483.2415466308594], [906.52001953125, 484.68231201171875], [875.33056640625, 503.4122314453125]]","[[869.9539184570312, 521.9465942382812], [869.9539184570312, 517.643798828125], [871.3765258789062, 519.0780639648438], [872.7991333007812, 519.0780639648438], [894.1386108398438, 514.7752075195312], [879.9122924804688, 543.4605712890625], [911.2100830078125, 536.2892456054688], [875.6444091796875, 576.44873046875], [924.0137329101562, 570.711669921875], [845.7691650390625, 595.09423828125], [847.1918334960938, 595.09423828125], [912.6327514648438, 605.1340942382812], [926.8590698242188, 596.5285034179688], [899.8291015625, 663.9390258789062], [909.7874755859375, 649.5963745117188], [925.4363403320312, 721.3096923828125], [914.0553588867188, 672.544677734375]]","[[719, 396], [1197, 396], [656, 597], [1262, 597], [524, 978], [1397, 978]]","[[599, 425], [599, 597], [1320, 597], [1320, 425]]","[849, 424]",None,None
62308,"[[905.6272583007812, 398.90936279296875], [909.89208984375, 396.0361633300781], [904.2056274414062, 396.0361633300781], [918.421875, 398.90936279296875], [901.3623657226562, 396.0361633300781], [917.000244140625, 414.71197509765625], [889.9893798828125, 410.4021911621094], [929.7947998046875, 423.33160400390625], [860.1353149414062, 419.02178955078125], [877.1947631835938, 421.89495849609375], [865.8218383789062, 416.1485900878906], [904.2056274414062, 462.11981201171875], [882.8812866210938, 462.11981201171875], [912.7353515625, 492.2884521484375], [878.6163940429688, 489.4152526855469], [911.313720703125, 492.2884521484375], [872.929931640625, 508.0910339355469]]","[[869.9746704101562, 521.871826171875], [869.9746704101562, 517.5606689453125], [872.8549194335938, 521.871826171875], [872.8549194335938, 518.9977416992188], [893.0171508789062, 516.1237182617188], [880.0557861328125, 541.990234375], [910.2991333007812, 536.2421264648438], [875.7352294921875, 576.4789428710938], [924.70068359375, 570.7308349609375], [845.4918823242188, 598.034423828125], [846.9320678710938, 598.034423828125], [916.0597534179688, 602.3455200195312], [931.9015502929688, 593.7233276367188], [904.5384521484375, 662.7008056640625], [914.6195678710938, 648.3305053710938], [927.5809936523438, 723.0560302734375], [917.4998779296875, 675.6340942382812]]","[[719, 396], [1197, 396], [656, 597], [1262, 597], [524, 978], [1397, 978]]","[[599, 425], [599, 597], [1320, 597], [1320, 425]]","[845, 428]",None,None
62309,"[[901.8966064453125, 405.61676025390625], [907.5938720703125, 402.76220703125], [900.4722290039062, 401.3349609375], [914.7153930664062, 405.61676025390625], [896.1992797851562, 399.9076843261719], [913.2911376953125, 422.7439880371094], [884.8047485351562, 417.034912109375], [928.9585571289062, 432.73486328125], [864.8643188476562, 418.4621887207031], [871.98583984375, 418.4621887207031], [900.4722290039062, 427.0257873535156], [903.3208618164062, 471.2711486816406], [880.5317993164062, 471.2711486816406], [911.8667602539062, 498.3893127441406], [873.4102172851562, 485.5438232421875], [910.4425048828125, 509.8074645996094], [879.1074829101562, 509.8074645996094]]","[[870.49072265625, 518.5426025390625], [870.49072265625, 515.6677856445312], [871.9293212890625, 517.105224609375], [873.3678588867188, 518.5426025390625], [893.507568359375, 515.6677856445312], [880.560546875, 544.4156494140625], [910.770263671875, 535.791259765625], [876.2449340820312, 580.3504638671875], [903.5775146484375, 563.101806640625], [844.5968627929688, 601.911376953125], [881.9992065429688, 578.9130859375], [920.840087890625, 603.3487548828125], [933.787109375, 593.2869873046875], [907.8931274414062, 665.1566772460938], [923.7172241210938, 629.2218017578125], [930.9099731445312, 721.2149658203125], [923.7172241210938, 679.5305786132812]]","[[719, 396], [1197, 396], [656, 597], [1262, 597], [524, 978], [1397, 978]]","[[599, 425], [599, 597], [1320, 597], [1320, 425]]","[841, 432]",None,None
62310,"[[899.0609130859375, 409.9262390136719], [903.3619995117188, 407.0553894042969], [896.1934814453125, 407.0553894042969], [910.5305786132812, 411.3616943359375], [893.3259887695312, 407.0553894042969], [911.96435546875, 430.02252197265625], [881.8563232421875, 421.4098205566406], [927.7351684570312, 440.0705871582031], [863.2180786132812, 419.974365234375], [943.506103515625, 444.3769226074219], [851.748291015625, 419.974365234375], [900.4945678710938, 474.5212707519531], [877.55517578125, 473.0858154296875], [909.096923828125, 498.9238586425781], [883.2899780273438, 513.2783203125], [907.6631469726562, 527.6327514648438], [877.55517578125, 527.6327514648438]]","[[870.5850219726562, 519.9017333984375], [872.0245361328125, 522.774658203125], [872.0245361328125, 517.0289306640625], [874.9035034179688, 524.2111206054688], [895.0563354492188, 521.3381958007812], [882.1009521484375, 550.0670776367188], [912.3301391601562, 540.0119018554688], [876.3429565429688, 584.5416259765625], [926.7250366210938, 570.17724609375], [847.5532836914062, 607.524658203125], [851.8717041015625, 604.6517944335938], [922.4065551757812, 604.6517944335938], [935.3619384765625, 596.0331420898438], [910.8906860351562, 664.9822998046875], [922.4065551757812, 643.4356689453125], [939.680419921875, 723.8763427734375], [931.0435180664062, 682.2196044921875]]","[[719, 396], [1197, 396], [656, 597], [1262, 597], [524, 978], [1397, 978]]","[[599, 425], [599, 597], [1320, 597], [1320, 425]]","[838, 437]",top,net shot
62311,"[[899.5408935546875, 409.8211975097656], [903.812744140625, 406.94635009765625], [896.6930541992188, 405.5089111328125], [910.9324340820312, 409.8211975097656], [893.8451538085938, 406.94635009765625], [912.3563842773438, 429.9453125], [882.4536743164062, 421.3206787109375], [928.019775390625, 440.0073547363281], [865.3663940429688, 418.44580078125], [945.1070556640625, 445.7571105957031], [866.790283203125, 421.3206787109375], [899.5408935546875, 474.505859375], [876.7579345703125, 473.0684509277344], [908.0845947265625, 498.9422912597656], [885.301513671875, 514.7540893554688], [888.1493530273438, 498.9422912597656], [876.7579345703125, 523.3787231445312]]","[[870.881591796875, 520.10205078125], [870.881591796875, 521.53857421875], [872.308837890625, 515.7925415039062], [873.7362060546875, 522.97509765625], [895.1453857421875, 520.10205078125], [882.2998657226562, 550.2688598632812], [912.2727661132812, 540.2132568359375], [876.5906982421875, 584.7451171875], [927.972900390625, 570.3800048828125], [848.0450439453125, 607.7293701171875], [852.326904296875, 604.8563232421875], [920.8364868164062, 604.8563232421875], [935.1093139648438, 596.2372436523438], [910.8455200195312, 665.1898193359375], [923.6910400390625, 643.6421508789062], [940.8184204101562, 724.0868530273438], [930.827392578125, 682.427978515625]]","[[719, 396], [1197, 396], [656, 597], [1262, 597], [524, 978], [1397, 978]]","[[599, 425], [599, 597], [1320, 597], [1320, 425]]","[838, 437]",None,None
62312,"[[899.3768920898438, 411.06329345703125], [903.679931640625, 408.1874084472656], [896.5081176757812, 406.74945068359375], [907.9829711914062, 411.06329345703125], [892.2050170898438, 406.74945068359375], [910.8517456054688, 429.7565612792969], [877.8613891601562, 422.56683349609375], [918.0235595703125, 438.3842468261719], [869.2551879882812, 422.56683349609375], [940.9733276367188, 447.0118713378906], [940.9733276367188, 447.0118713378906], [899.3768920898438, 474.3327941894531], [876.427001953125, 472.8948974609375], [906.5487060546875, 500.2158203125], [873.558349609375, 505.96759033203125], [890.7706298828125, 534.7264404296875], [873.558349609375, 528.9746704101562]]","[[869.9794921875, 530.0142822265625], [871.4046630859375, 525.700927734375], [872.8298950195312, 525.700927734375], [874.2550659179688, 527.138671875], [898.4833374023438, 525.700927734375], [884.2314453125, 555.894287109375], [915.5856323242188, 542.9542236328125], [877.1054077148438, 591.8387451171875], [882.8062133789062, 588.9631958007812], [850.0267944335938, 617.71875], [857.1527709960938, 614.8432006835938], [924.1368408203125, 610.5298461914062], [936.9635620117188, 601.9031982421875], [912.7352905273438, 672.3543701171875], [922.7116088867188, 642.1610107421875], [951.2153930664062, 722.6766357421875], [935.538330078125, 682.4188232421875]]","[[719, 396], [1197, 396], [656, 597], [1262, 597], [524, 978], [1397, 978]]","[[599, 425], [599, 597], [1320, 597], [1320, 425]]","[830, 424]",None,None
62313,"[[898.1867065429688, 410.9725341796875], [902.4505615234375, 406.6636047363281], [893.9229125976562, 405.2272644042969], [906.7142944335938, 408.09991455078125], [889.6591186523438, 405.2272644042969], [908.1356201171875, 426.77203369140625], [876.8676147460938, 421.0267333984375], [918.08447265625, 436.82623291015625], [862.6549682617188, 426.77203369140625], [940.8247680664062, 445.444091796875], [943.6672973632812, 446.88043212890625], [898.1867065429688, 474.1703796386719], [875.4464111328125, 471.2977600097656], [906.7142944335938, 500.0240783691406], [872.6038818359375, 504.3330078125], [893.9229125976562, 535.9319458007812], [872.6038818359375, 530.1866455078125]]","[[874.4459838867188, 531.52294921875], [874.4459838867188, 528.6428833007812], [877.3134155273438, 525.7628173828125], [877.3134155273438, 531.52294921875], [900.2532348632812, 528.6428833007812], [887.349609375, 560.323486328125], [916.0244140625, 548.8032836914062], [878.7471923828125, 594.8842163085938], [930.36181640625, 576.163818359375], [852.93994140625, 619.3646850585938], [861.5423583984375, 616.484619140625], [923.193115234375, 615.0446166992188], [937.530517578125, 607.844482421875], [917.4581909179688, 679.845947265625], [926.0606079101562, 658.2454833984375], [957.6028442382812, 723.0468139648438], [944.69921875, 685.6060791015625]]","[[719, 396], [1197, 396], [656, 597], [1262, 597], [524, 978], [1397, 978]]","[[599, 425], [599, 597], [1320, 597], [1320, 425]]","[825, 416]",None,None
62314,"[[893.6221313476562, 401.2126159667969], [897.8782348632812, 398.3445129394531], [890.7847290039062, 398.3445129394531], [904.9716796875, 402.64666748046875], [889.365966796875, 398.3445129394531], [909.2278442382812, 422.7232666015625], [878.016357421875, 418.4211120605469], [923.414794921875, 435.6296691894531], [863.8294067382812, 421.2892150878906], [946.114013671875, 444.2339172363281], [865.2481079101562, 421.2892150878906], [899.2969360351562, 470.04669189453125], [876.5977172851562, 468.6126708984375], [903.5530395507812, 501.59564208984375], [872.3416137695312, 501.59564208984375], [900.715576171875, 524.5403442382812], [870.9229125976562, 524.5403442382812]]","[[876.8612060546875, 541.8757934570312], [876.8612060546875, 537.5521240234375], [878.2987670898438, 536.1109008789062], [882.611328125, 540.4345703125], [904.1741943359375, 537.5521240234375], [889.7989501953125, 570.7003784179688], [919.9869995117188, 557.7293090820312], [879.7362060546875, 602.4074096679688], [905.6116943359375, 583.6714477539062], [850.9857177734375, 615.3784790039062], [865.3610229492188, 613.937255859375], [919.9869995117188, 624.0258178710938], [938.6748657226562, 621.1433715820312], [925.7371215820312, 690.3223266601562], [930.0496826171875, 652.8504028320312], [964.5503540039062, 730.6767578125], [951.6126098632812, 691.7635498046875]]","[[719, 396], [1197, 396], [656, 597], [1262, 597], [524, 978], [1397, 978]]","[[599, 425], [599, 597], [1320, 597], [1320, 425]]","[821, 412]",None,None
62315,"[[895.1052856445312, 397.7027587890625], [899.4224243164062, 393.391357421875], [893.666259765625, 393.391357421875], [906.6174926757812, 397.7027587890625], [889.34912109375, 394.8285217285156], [909.49560546875, 414.94854736328125], [882.1539306640625, 412.0742492675781], [921.0079345703125, 427.88287353515625], [866.3245239257812, 419.260009765625], [916.6907958984375, 423.5714416503906], [887.9100952148438, 427.88287353515625], [897.9833374023438, 462.3744201660156], [877.8367919921875, 462.3744201660156], [910.9346313476562, 485.3687744140625], [872.0806884765625, 486.805908203125], [899.4224243164062, 495.4288024902344], [872.0806884765625, 522.734619140625]]","[[878.04248046875, 550.1539306640625], [879.4750366210938, 545.845458984375], [880.9076538085938, 541.5369873046875], [882.3402099609375, 547.2816162109375], [903.8285522460938, 545.845458984375], [889.5029296875, 578.8768310546875], [919.586669921875, 564.515380859375], [869.4472045898438, 613.3442993164062], [875.1774291992188, 580.3129272460938], [840.7960205078125, 604.7274169921875], [840.7960205078125, 597.5466918945312], [922.4517822265625, 634.886474609375], [941.0750122070312, 629.1419067382812], [926.74951171875, 693.7684326171875], [932.479736328125, 654.9925537109375], [969.7261962890625, 735.4166870117188], [951.1029663085938, 692.332275390625]]","[[719, 396], [1197, 396], [656, 597], [1262, 597], [524, 978], [1397, 978]]","[[599, 425], [599, 597], [1320, 597], [1320, 425]]","[814, 409]",None,None
62316,"[[894.7683715820312, 392.30242919921875], [899.079345703125, 389.4192810058594], [893.3313598632812, 389.4192810058594], [906.2642822265625, 392.30242919921875], [889.0203857421875, 390.86083984375], [909.1383056640625, 409.601318359375], [880.3984375, 408.1597595214844], [923.5082397460938, 421.1338806152344], [854.5325317382812, 421.1338806152344], [920.6342163085938, 421.1338806152344], [832.9777221679688, 431.2248840332031], [900.516357421875, 458.61474609375], [877.5245361328125, 458.61474609375], [912.0122680664062, 480.2383728027344], [873.2134399414062, 487.4461975097656], [899.079345703125, 491.77093505859375], [871.7765502929688, 524.9270629882812]]","[[875.7442626953125, 549.8878173828125], [877.1827392578125, 545.5765380859375], [878.6211547851562, 544.139404296875], [881.4979858398438, 549.8878173828125], [901.6356811523438, 547.0136108398438], [887.2515869140625, 581.5040283203125], [917.4583129882812, 565.6959228515625], [861.3602294921875, 608.8088989257812], [901.6356811523438, 591.5636596679688], [836.9071044921875, 594.4378662109375], [877.1827392578125, 535.516845703125], [921.7734985351562, 638.988037109375], [940.4728393554688, 633.2396240234375], [927.5271606445312, 695.0348510742188], [930.4039306640625, 659.1073608398438], [972.1178588867188, 738.1478881835938], [950.541748046875, 692.16064453125]]","[[719, 396], [1197, 396], [656, 597], [1262, 597], [524, 978], [1397, 978]]","[[599, 425], [599, 597], [1320, 597], [1320, 425]]","[806, 409]",None,None
62317,"[[895.1779174804688, 391.9798889160156], [899.4446411132812, 389.11456298828125], [892.3333740234375, 389.11456298828125], [906.5559692382812, 393.4125671386719], [889.4888916015625, 391.9798889160156], [909.4004516601562, 409.17193603515625], [880.9553833007812, 407.7392578125], [922.2007446289062, 420.63330078125], [853.9326171875, 422.06597900390625], [920.7785034179688, 420.63330078125], [832.5988159179688, 432.09466552734375], [900.8668823242188, 459.3154296875], [878.1109008789062, 459.3154296875], [912.2449951171875, 479.372802734375], [873.8441162109375, 486.5361633300781], [899.4446411132812, 490.83416748046875], [872.421875, 525.21826171875]]","[[875.7637329101562, 549.850830078125], [877.201904296875, 545.5376586914062], [878.6400146484375, 544.0999145507812], [881.516357421875, 549.850830078125], [901.6505737304688, 546.9754028320312], [887.2689819335938, 581.4807739257812], [917.4703369140625, 565.665771484375], [861.3822021484375, 608.7974853515625], [901.6505737304688, 591.5447998046875], [836.9335327148438, 594.4202270507812], [877.201904296875, 535.4736328125], [921.7847290039062, 638.9896240234375], [940.4807739257812, 633.23876953125], [927.537353515625, 695.0608520507812], [930.4136962890625, 659.1177368164062], [972.1202392578125, 738.1925048828125], [950.5479125976562, 692.1854248046875]]","[[719, 396], [1197, 396], [656, 597], [1262, 597], [524, 978], [1397, 978]]","[[599, 425], [599, 597], [1320, 597], [1320, 425]]","[802, 409]",None,None
62318,"[[899.3148193359375, 388.49005126953125], [903.6358032226562, 384.19403076171875], [896.43408203125, 384.19403076171875], [907.9568481445312, 387.05804443359375], [892.1130981445312, 385.6260070800781], [912.27783203125, 405.6742248535156], [879.1500244140625, 405.6742248535156], [925.2410278320312, 417.1303405761719], [856.1044921875, 419.9943542480469], [926.6812744140625, 419.9943542480469], [835.9396362304688, 434.31451416015625], [902.1954956054688, 454.3627014160156], [880.5902709960938, 454.3627014160156], [912.27783203125, 472.9788818359375], [876.269287109375, 483.00299072265625], [900.755126953125, 490.1630554199219], [873.3885498046875, 528.8274536132812]]","[[874.1968383789062, 547.0409545898438], [874.1968383789062, 542.7276000976562], [874.1968383789062, 542.7276000976562], [879.9351806640625, 545.6031494140625], [898.5847778320312, 542.7276000976562], [884.2389526367188, 575.796630859375], [914.3651123046875, 559.9810180664062], [858.4165649414062, 597.3634033203125], [924.4071655273438, 580.1099853515625], [839.7669067382812, 580.1099853515625], [874.1968383789062, 532.6631469726562], [917.2343139648438, 634.7457885742188], [935.8837890625, 626.1190795898438], [928.7109375, 689.381591796875], [927.2763671875, 651.9992065429688], [963.140869140625, 726.7639770507812], [951.6641845703125, 689.381591796875]]","[[719, 396], [1197, 396], [656, 597], [1262, 597], [524, 978], [1397, 978]]","[[599, 425], [599, 597], [1320, 597], [1320, 425]]","[793, 410]",None,None
62319,"[[897.6524658203125, 385.3980712890625], [901.9371337890625, 382.5157165527344], [894.7958984375, 381.0744934082031], [909.078369140625, 383.9568786621094], [891.939453125, 382.5157165527344], [914.791259765625, 402.6924133300781], [884.79833984375, 399.8100280761719], [926.2172241210938, 414.2219543457031], [864.8029174804688, 414.2219543457031], [933.3583374023438, 424.31036376953125], [840.5230102539062, 435.8398742675781], [901.9371337890625, 448.8106384277344], [881.9418334960938, 450.2518310546875], [914.791259765625, 471.8697204589844], [879.0853271484375, 474.7521057128906], [901.9371337890625, 492.0464782714844], [877.6571044921875, 497.81121826171875]]","[[873.6713256835938, 535.3186645507812], [893.7572021484375, 530.9947509765625], [895.1919555664062, 530.9947509765625], [875.10595703125, 535.3186645507812], [895.1919555664062, 532.43603515625], [879.41015625, 565.5859985351562], [906.6695556640625, 552.6142578125], [857.8895263671875, 587.2055053710938], [921.0167236328125, 577.1163940429688], [839.2382202148438, 567.0272827148438], [926.7555541992188, 613.1488647460938], [908.1043090820312, 621.7966918945312], [926.7555541992188, 616.031494140625], [928.1902465820312, 685.2138671875], [925.3208618164062, 653.5052490234375], [958.3192138671875, 722.687744140625], [942.537353515625, 679.44873046875]]","[[719, 396], [1197, 396], [656, 597], [1262, 597], [524, 978], [1397, 978]]","[[599, 425], [599, 597], [1320, 597], [1320, 425]]","[785, 409]",None,None
62320,"[[897.9908447265625, 382.25103759765625], [902.2755126953125, 379.3893127441406], [895.1343994140625, 379.3893127441406], [909.4165649414062, 382.25103759765625], [892.2780151367188, 380.8201599121094], [915.1294555664062, 400.8523864746094], [885.1368408203125, 399.4215087890625], [926.5552368164062, 416.5920104980469], [859.4290161132812, 422.3155212402344], [939.4091186523438, 430.9007263183594], [840.8621215820312, 440.9168701171875], [903.7037353515625, 449.5021057128906], [882.280517578125, 449.5021057128906], [915.1294555664062, 472.3960876464844], [880.852294921875, 476.688720703125], [905.1319580078125, 493.8592224121094], [875.1393432617188, 509.59881591796875]]","[[877.2161254882812, 505.8182373046875], [867.186279296875, 523.1007080078125], [871.4848022460938, 505.8182373046875], [867.186279296875, 527.4213256835938], [888.6788940429688, 524.5408935546875], [877.2161254882812, 553.3450927734375], [901.5744018554688, 544.7037963867188], [854.2907104492188, 579.268798828125], [914.469970703125, 574.9481811523438], [835.6638793945312, 559.1058959960938], [837.0966796875, 559.1058959960938], [904.4401245117188, 615.2739868164062], [921.6341552734375, 608.072998046875], [917.3356323242188, 668.5617065429688], [923.0670166015625, 658.480224609375], [950.2908935546875, 711.7679443359375], [953.1566162109375, 688.724609375]]","[[719, 396], [1197, 396], [656, 597], [1262, 597], [524, 978], [1397, 978]]","[[599, 425], [599, 597], [1320, 597], [1320, 425]]","[782, 410]",None,None
62321,"[[898.7877807617188, 380.8752136230469], [903.0709228515625, 378.01141357421875], [895.932373046875, 378.01141357421875], [910.20947265625, 380.8752136230469], [893.0769653320312, 379.4433288574219], [915.9202270507812, 400.9216613769531], [885.9383544921875, 399.4897766113281], [925.9142456054688, 419.5362243652344], [861.6673583984375, 423.8319091796875], [940.1913452148438, 432.4232482910156], [851.6734008789062, 436.7189025878906], [904.4986572265625, 449.60589599609375], [883.0829467773438, 448.17401123046875], [915.9202270507812, 475.3799133300781], [885.9383544921875, 479.67559814453125], [907.3540649414062, 495.4263916015625], [880.2275390625, 504.0177307128906]]","[[861.4251708984375, 521.7627563476562], [861.4251708984375, 517.4405517578125], [862.865234375, 517.4405517578125], [864.3053588867188, 520.322021484375], [884.4669799804688, 515.9998168945312], [872.946044921875, 547.696044921875], [894.5478515625, 534.7294311523438], [855.6646728515625, 575.070068359375], [861.4251708984375, 570.7478637695312], [831.1826782226562, 560.6626586914062], [829.7424926757812, 557.7811889648438], [901.7484130859375, 606.7662963867188], [913.2693481445312, 601.0033569335938], [906.0687866210938, 664.3958129882812], [913.2693481445312, 661.5143432617188], [949.2722778320312, 703.2957153320312], [955.0327758789062, 691.7698364257812]]","[[719, 396], [1197, 396], [656, 597], [1262, 597], [524, 978], [1397, 978]]","[[599, 425], [599, 597], [1320, 597], [1320, 425]]","[776, 416]",None,None
62322,"[[900.0562744140625, 380.6557922363281], [904.3485107421875, 377.78009033203125], [897.1947021484375, 376.34222412109375], [910.0715942382812, 380.6557922363281], [894.3331298828125, 377.78009033203125], [915.7946166992188, 400.7858581542969], [885.74853515625, 400.7858581542969], [925.81005859375, 418.0401916503906], [865.7178344726562, 420.9159240722656], [927.2407836914062, 420.9159240722656], [867.1486206054688, 418.0401916503906], [905.779296875, 449.67315673828125], [885.74853515625, 449.67315673828125], [917.2254028320312, 475.55462646484375], [890.0408935546875, 479.8681945800781], [907.2100219726562, 495.6846923828125], [882.8870239257812, 510.06329345703125]]","[[855.740478515625, 519.1671142578125], [855.740478515625, 513.4119873046875], [855.740478515625, 514.8507690429688], [857.173095703125, 517.7283325195312], [875.7969360351562, 513.4119873046875], [868.6339111328125, 546.504150390625], [884.392578125, 530.6774291992188], [852.875244140625, 572.4022827148438], [901.5839233398438, 556.5756225585938], [824.2230834960938, 562.330810546875], [890.1229858398438, 493.2689514160156], [897.2860107421875, 602.6168212890625], [907.3143310546875, 596.8616943359375], [894.4208984375, 660.1683349609375], [888.6903686523438, 652.9744262695312], [940.2642211914062, 688.944091796875], [938.8316650390625, 674.5562133789062]]","[[719, 396], [1197, 396], [656, 597], [1262, 597], [524, 978], [1397, 978]]","[[599, 425], [599, 597], [1320, 597], [1320, 425]]","[772, 422]",None,None
62323,"[[900.055908203125, 380.6542663574219], [904.3475952148438, 377.7783508300781], [897.1947021484375, 376.3404235839844], [910.0699462890625, 380.6542663574219], [894.3335571289062, 377.7783508300781], [915.7923583984375, 400.7855529785156], [885.7500610351562, 400.7855529785156], [925.806396484375, 418.0409851074219], [865.721923828125, 420.9168395996094], [927.2369995117188, 420.9168395996094], [867.1524047851562, 418.0409851074219], [905.7781982421875, 449.6758728027344], [885.7500610351562, 449.6758728027344], [917.2228393554688, 475.5589599609375], [890.041748046875, 479.872802734375], [907.2088012695312, 495.6902770996094], [882.8888549804688, 510.0697937011719]]","[[855.7423095703125, 519.1627197265625], [855.7423095703125, 513.4070434570312], [855.7423095703125, 514.845947265625], [857.1748657226562, 517.7237548828125], [875.7967529296875, 513.4070434570312], [868.6344604492188, 546.5021362304688], [884.3914794921875, 530.6740112304688], [852.87744140625, 572.402587890625], [901.5809326171875, 558.013427734375], [824.2283935546875, 562.3301391601562], [890.1212768554688, 493.26220703125], [897.2835693359375, 602.6197509765625], [907.3107299804688, 596.8641357421875], [894.418701171875, 660.1763916015625], [888.6887817382812, 652.9818725585938], [940.2572021484375, 688.9547119140625], [938.8247680664062, 674.5656127929688]]","[[719, 396], [1197, 396], [656, 597], [1262, 597], [524, 978], [1397, 978]]","[[599, 425], [599, 597], [1320, 597], [1320, 425]]","[772, 422]",None,None
62324,"[[900.6464233398438, 379.1766662597656], [904.9360961914062, 376.29510498046875], [897.7864990234375, 376.29510498046875], [910.65576171875, 377.7358703613281], [894.9266967773438, 377.7358703613281], [916.37548828125, 396.4660339355469], [886.3472290039062, 399.34759521484375], [923.5250244140625, 409.43304443359375], [870.6181640625, 418.0777587890625], [932.1045532226562, 419.5185241699219], [863.4686279296875, 425.2816467285156], [907.7959594726562, 448.3341369628906], [887.7771606445312, 446.89337158203125], [919.2352905273438, 475.7090148925781], [892.0669555664062, 478.590576171875], [906.3660888671875, 497.32073974609375], [882.0574340820312, 505.9654541015625]]","[[847.1910400390625, 513.8695678710938], [847.1910400390625, 509.5610656738281], [848.6268310546875, 506.688720703125], [848.6268310546875, 513.8695678710938], [868.7286987304688, 509.5610656738281], [862.9852905273438, 542.59326171875], [878.779541015625, 528.2314453125], [847.1910400390625, 571.3169555664062], [865.85693359375, 569.8807983398438], [817.038330078125, 564.1360473632812], [817.038330078125, 564.1360473632812], [894.5738525390625, 597.1682739257812], [885.958740234375, 594.2958984375], [890.2662963867188, 654.6156005859375], [877.3436889648438, 635.9452514648438], [934.7774047851562, 683.3392944335938], [931.90576171875, 681.9031372070312]]","[[719, 396], [1197, 396], [656, 597], [1262, 597], [524, 978], [1397, 978]]","[[599, 425], [599, 597], [1320, 597], [1320, 425]]","[769, 429]",None,None
62325,"[[900.9805908203125, 376.33514404296875], [905.2412719726562, 372.0251770019531], [898.14013671875, 372.0251770019531], [913.7626953125, 374.8984680175781], [895.299560546875, 373.4618225097656], [919.443603515625, 390.7015686035156], [888.1984252929688, 393.5748596191406], [923.7044067382812, 402.1947021484375], [872.5758056640625, 415.12451171875], [936.4865112304688, 410.8145446777344], [861.2139282226562, 436.6741638183594], [909.5020141601562, 445.29400634765625], [891.0388793945312, 445.29400634765625], [920.8639526367188, 471.1535949707031], [892.4591064453125, 475.4635314941406], [905.2412719726562, 497.0132141113281], [883.937744140625, 504.1964111328125]]","[[840.0779418945312, 518.8530883789062], [840.0779418945312, 514.530517578125], [841.509033203125, 514.530517578125], [841.509033203125, 515.9713745117188], [860.111572265625, 510.2078857421875], [855.8187255859375, 544.7886962890625], [870.12841796875, 527.498291015625], [838.6470336914062, 575.0468139648438], [842.93994140625, 573.60595703125], [807.1657104492188, 567.842529296875], [807.1657104492188, 567.842529296875], [894.4548950195312, 595.2189331054688], [883.007080078125, 593.778076171875], [887.300048828125, 654.2943725585938], [865.83544921875, 625.4771118164062], [933.091064453125, 684.5525512695312], [897.3168334960938, 660.057861328125]]","[[719, 396], [1197, 396], [656, 597], [1262, 597], [524, 978], [1397, 978]]","[[599, 425], [599, 597], [1320, 597], [1320, 425]]","[765, 440]",None,None
62326,"[[902.6444091796875, 371.773681640625], [906.9637451171875, 368.91046142578125], [899.764892578125, 368.91046142578125], [915.6021728515625, 368.91046142578125], [896.8854370117188, 368.91046142578125], [921.3612670898438, 386.0897521972656], [889.6865844726562, 388.9529724121094], [928.5599975585938, 396.11102294921875], [875.2890625, 410.4270935058594], [928.5599975585938, 396.11102294921875], [866.650634765625, 433.3328552246094], [911.282958984375, 436.196044921875], [891.12646484375, 439.05926513671875], [921.3612670898438, 466.25982666015625], [891.12646484375, 471.9862976074219], [906.9637451171875, 493.4604187011719], [885.3673706054688, 517.7977294921875]]","[[831.1527099609375, 521.0514526367188], [832.5928955078125, 516.7343139648438], [832.5928955078125, 518.1734008789062], [834.0330810546875, 518.1734008789062], [851.3151245117188, 512.4172973632812], [849.8750610351562, 544.0758666992188], [861.3963623046875, 531.1246337890625], [834.0330810546875, 572.8564453125], [887.3194580078125, 536.8807373046875], [800.9091186523438, 571.4174194335938], [800.9091186523438, 571.4174194335938], [888.7596435546875, 597.3198852539062], [881.558837890625, 594.4418334960938], [887.3194580078125, 652.0029907226562], [854.1954956054688, 613.1492309570312], [937.7254638671875, 686.5396118164062], [890.1998291015625, 656.3200073242188]]","[[719, 396], [1197, 396], [656, 597], [1262, 597], [524, 978], [1397, 978]]","[[599, 425], [599, 597], [1320, 597], [1320, 425]]","[759, 452]",None,None
62327,"[[904.3333740234375, 367.2238464355469], [908.5927124023438, 362.925048828125], [901.4937133789062, 362.925048828125], [917.1114501953125, 364.35797119140625], [898.6541137695312, 364.35797119140625], [924.2105102539062, 380.1203308105469], [892.9749755859375, 384.4190979003906], [938.408447265625, 394.4496765136719], [877.3572387695312, 408.77911376953125], [931.3094482421875, 388.71795654296875], [870.2581787109375, 430.273193359375], [911.4323120117188, 428.8402404785156], [892.9749755859375, 430.273193359375], [922.7907104492188, 458.9319763183594], [891.55517578125, 467.52960205078125], [908.5927124023438, 491.8895568847656], [887.2957153320312, 507.65191650390625]]","[[822.526123046875, 521.1503295898438], [822.526123046875, 516.8526000976562], [822.526123046875, 515.4199829101562], [823.9605102539062, 518.28515625], [841.1728515625, 511.1221923828125], [842.6071166992188, 542.63916015625], [852.647705078125, 531.178466796875], [831.1322631835938, 571.2909545898438], [852.647705078125, 569.8583984375], [798.1419677734375, 577.0213012695312], [858.3851318359375, 592.77978515625], [879.9005126953125, 589.9146118164062], [872.7286987304688, 585.6168212890625], [889.9410400390625, 652.948486328125], [845.4758911132812, 604.240478515625], [935.840576171875, 684.4654541015625], [858.3851318359375, 651.5159301757812]]","[[719, 396], [1197, 396], [656, 597], [1262, 597], [524, 978], [1397, 978]]","[[599, 425], [599, 597], [1320, 597], [1320, 425]]","[754, 465]",None,None
62328,"[[907.1534423828125, 363.5141296386719], [911.4085693359375, 360.6393737792969], [904.3165893554688, 359.2019958496094], [919.9190673828125, 362.0767822265625], [901.4797973632812, 362.0767822265625], [927.0110473632812, 376.4505615234375], [895.8062133789062, 380.7627258300781], [941.1951293945312, 392.2618103027344], [881.6221313476562, 402.3234558105469], [945.4503784179688, 395.13653564453125], [871.6932983398438, 426.7589416503906], [912.8270263671875, 425.3215637207031], [892.9693603515625, 425.3215637207031], [925.5926513671875, 455.5066223144531], [897.224609375, 459.8187561035156], [911.4085693359375, 488.56640625], [888.714111328125, 504.37762451171875]]","[[812.2777099609375, 524.6209716796875], [812.2777099609375, 520.3051147460938], [812.2777099609375, 520.3051147460938], [815.1484985351562, 520.3051147460938], [832.373291015625, 513.1119384765625], [832.373291015625, 544.7617797851562], [842.4210815429688, 531.8140869140625], [832.373291015625, 569.2184448242188], [863.9521484375, 546.2003784179688], [802.2299194335938, 580.7274169921875], [852.4688720703125, 586.48193359375], [871.129150390625, 590.7977905273438], [881.1769409179688, 576.4115600585938], [885.483154296875, 648.3428955078125], [839.55029296875, 599.4295654296875], [934.2866821289062, 684.30859375], [835.2440795898438, 646.904296875]]","[[719, 396], [1197, 396], [656, 597], [1262, 597], [524, 978], [1397, 978]]","[[599, 425], [599, 597], [1320, 597], [1320, 425]]","[748, 480]",None,None
62329,"[[906.9124755859375, 364.7444152832031], [911.1873168945312, 360.4355773925781], [904.0626220703125, 360.4355773925781], [919.7368774414062, 361.8718566894531], [901.2127685546875, 361.8718566894531], [926.8615112304688, 377.6709289550781], [896.93798828125, 380.54351806640625], [941.11083984375, 390.5974426269531], [882.6886596679688, 402.0876770019531], [946.810546875, 396.3425598144531], [872.714111328125, 426.5044250488281], [912.6121826171875, 425.0681457519531], [894.088134765625, 425.0681457519531], [926.8615112304688, 455.2300109863281], [898.3628540039062, 459.53887939453125], [912.6121826171875, 486.82818603515625], [888.388427734375, 505.49981689453125]]","[[813.5670166015625, 525.875732421875], [813.5670166015625, 520.1407470703125], [813.5670166015625, 518.7069702148438], [816.4442749023438, 521.574462890625], [830.8305053710938, 514.40576171875], [832.2691040039062, 544.514404296875], [842.3395385742188, 533.04443359375], [830.8305053710938, 568.8880615234375], [842.3395385742188, 570.3218383789062], [802.0580444335938, 581.7918090820312], [850.9713134765625, 587.5267944335938], [872.5506591796875, 591.8280029296875], [863.9188842773438, 587.5267944335938], [886.9369506835938, 649.1778564453125], [839.4623413085938, 598.9967651367188], [932.9730224609375, 683.5877685546875], [835.1464233398438, 646.3103637695312]]","[[719, 396], [1197, 396], [656, 597], [1262, 597], [524, 978], [1397, 978]]","[[599, 425], [599, 597], [1320, 597], [1320, 425]]","[750, 482]",None,None
62330,"[[909.0213012695312, 363.96539306640625], [913.30810546875, 359.64520263671875], [906.1635131835938, 359.64520263671875], [921.8815307617188, 361.08526611328125], [903.3056640625, 361.08526611328125], [929.0260620117188, 375.4859619140625], [900.4478759765625, 378.3660888671875], [940.4573364257812, 388.4465637207031], [886.1587524414062, 399.9671325683594], [947.6019287109375, 394.2068786621094], [877.5852661132812, 428.7685241699219], [913.30810546875, 423.0082702636719], [894.7322387695312, 423.0082702636719], [927.59716796875, 450.36956787109375], [901.8767700195312, 456.1298522949219], [914.7369384765625, 483.4911804199219], [890.4454956054688, 497.8918762207031]]","[[801.2719116210938, 526.4881591796875], [801.2719116210938, 520.7529296875], [801.2719116210938, 520.7529296875], [804.1422119140625, 523.6205444335938], [822.7990112304688, 516.4515380859375], [822.7990112304688, 545.1277465820312], [832.8448486328125, 532.2234497070312], [828.53955078125, 566.6348876953125], [854.3719482421875, 545.1277465820312], [805.577392578125, 585.2744750976562], [804.1422119140625, 545.1277465820312], [861.5475463867188, 592.4434814453125], [873.0286865234375, 580.9730224609375], [881.6394653320312, 646.9283447265625], [834.280029296875, 605.3477783203125], [927.5637817382812, 681.33984375], [814.1881713867188, 639.75927734375]]","[[719, 396], [1197, 396], [656, 597], [1262, 597], [524, 978], [1397, 978]]","[[599, 425], [599, 597], [1320, 597], [1320, 425]]","[744, 493]",None,None
62331,"[[912.6533203125, 364.75152587890625], [916.9069213867188, 360.4511413574219], [909.8176879882812, 360.4511413574219], [925.4139404296875, 361.88458251953125], [906.9819946289062, 360.4511413574219], [929.66748046875, 374.7857971191406], [901.3106079101562, 377.6527404785156], [941.01025390625, 389.1204833984375], [889.9678344726562, 396.2878112792969], [946.681640625, 394.8543395996094], [884.2964477539062, 419.22332763671875], [915.4890747070312, 420.65679931640625], [897.05712890625, 422.09027099609375], [931.0853271484375, 449.3261413574219], [902.7284545898438, 455.0600280761719], [918.3247680664062, 477.9955139160156], [894.2213745117188, 493.7636413574219]]","[[792.2891235351562, 526.14453125], [792.2891235351562, 521.8331909179688], [792.2891235351562, 521.8331909179688], [795.14892578125, 526.14453125], [815.16748046875, 521.8331909179688], [815.16748046875, 547.7012329101562], [825.1767578125, 536.204345703125], [825.1767578125, 569.2578735351562], [822.3169555664062, 622.4309692382812], [809.4478759765625, 590.8145751953125], [829.4664916992188, 596.56298828125], [853.7747192382812, 599.437255859375], [865.2139282226562, 582.19189453125], [873.7933349609375, 648.2990112304688], [826.606689453125, 606.622802734375], [920.97998046875, 677.041259765625], [803.7283325195312, 643.9876708984375]]","[[719, 396], [1197, 396], [656, 597], [1262, 597], [524, 978], [1397, 978]]","[[599, 425], [599, 597], [1320, 597], [1320, 425]]","[739, 508]",None,None
62332,"[[914.814697265625, 363.7535095214844], [919.1243286132812, 360.89105224609375], [913.3781127929688, 360.89105224609375], [927.7435913085938, 362.3222961425781], [910.5050048828125, 360.89105224609375], [932.0532836914062, 375.2034912109375], [904.7587890625, 376.634765625], [942.1090698242188, 392.37847900390625], [890.3932495117188, 398.1034240722656], [952.1649780273438, 403.82843017578125], [881.77392578125, 428.1596374511719], [916.2511596679688, 419.5721435546875], [897.5760498046875, 419.5721435546875], [932.0532836914062, 446.7658386230469], [906.1953735351562, 455.3533020019531], [921.9973754882812, 473.9595031738281], [896.1394653320312, 489.7032775878906]]","[[786.5516967773438, 531.1890258789062], [786.5516967773438, 526.8651733398438], [786.5516967773438, 525.4238891601562], [789.414306640625, 529.7477416992188], [808.0213623046875, 523.9826049804688], [808.0213623046875, 549.9255981445312], [819.4718017578125, 539.836669921875], [823.7656860351562, 571.5447998046875], [823.7656860351562, 572.986083984375], [816.6091918945312, 591.72265625], [800.86474609375, 636.4022827148438], [846.6666870117188, 596.0465087890625], [858.1171264648438, 585.9575805664062], [863.8423461914062, 650.8150634765625], [813.74658203125, 598.9290771484375], [915.3695068359375, 673.87548828125], [915.3695068359375, 673.87548828125]]","[[719, 396], [1197, 396], [656, 597], [1262, 597], [524, 978], [1397, 978]]","[[599, 425], [599, 597], [1320, 597], [1320, 425]]","[750, 487]",None,None
62333,"[[917.4312744140625, 367.09100341796875], [923.1251220703125, 364.22259521484375], [916.0078125, 362.78839111328125], [930.242431640625, 364.22259521484375], [913.1608276367188, 362.78839111328125], [935.9364013671875, 379.9989013671875], [906.0435180664062, 379.9989013671875], [938.7833251953125, 388.60418701171875], [890.3854370117188, 402.9463195800781], [937.35986328125, 387.16998291015625], [881.8446044921875, 430.1963806152344], [916.0078125, 421.5910949707031], [898.9262084960938, 423.0252990722656], [933.0894165039062, 444.53851318359375], [907.467041015625, 456.0122375488281], [925.9721069335938, 471.7885437011719], [898.9262084960938, 490.4333190917969]]","[[782.6460571289062, 533.6342163085938], [778.341796875, 527.8665771484375], [778.341796875, 527.8665771484375], [785.515625, 532.1923217773438], [801.2980346679688, 527.8665771484375], [804.1676025390625, 552.3790893554688], [815.645751953125, 540.8438110351562], [818.5153198242188, 569.6820068359375], [807.0371704101562, 611.4973754882812], [819.9500122070312, 591.3106689453125], [811.3414306640625, 586.9849243164062], [842.9063720703125, 592.7525634765625], [852.94970703125, 584.1011352539062], [852.94970703125, 653.3128662109375], [808.4718627929688, 594.1945190429688], [906.0361328125, 672.0577392578125], [799.8633422851562, 638.8937377929688]]","[[719, 396], [1197, 396], [656, 597], [1262, 597], [524, 978], [1397, 978]]","[[599, 425], [599, 597], [1320, 597], [1320, 425]]","[778, 399]",bottom,lob
62334,"[[919.6409912109375, 370.4316101074219], [923.9541625976562, 367.55609130859375], [916.7654418945312, 367.55609130859375], [931.1429443359375, 367.55609130859375], [915.3276977539062, 367.55609130859375], [935.4561157226562, 381.9338684082031], [906.7012939453125, 383.37158203125], [936.8939208984375, 397.7493591308594], [892.3237915039062, 403.5004577636719], [944.0826416015625, 410.6893615722656], [882.2596435546875, 432.2560119628906], [918.2031860351562, 425.067138671875], [899.5125122070312, 425.067138671875], [934.0183715820312, 448.071533203125], [909.5767211914062, 458.135986328125], [931.1429443359375, 471.07598876953125], [899.5125122070312, 492.64263916015625]]","[[774.881103515625, 531.9835815429688], [774.881103515625, 530.5420532226562], [774.881103515625, 530.5420532226562], [782.0675048828125, 531.9835815429688], [797.8777465820312, 526.2173461914062], [797.8777465820312, 552.1657104492188], [810.8133544921875, 539.1915283203125], [810.8133544921875, 569.464599609375], [807.9387817382812, 576.6725463867188], [823.7489624023438, 589.646728515625], [799.3150024414062, 632.89404296875], [839.5592041015625, 595.4130249023438], [849.6202392578125, 585.3219604492188], [846.7457275390625, 655.9592895507812], [806.5015258789062, 591.0883178710938], [898.4882202148438, 668.9334716796875], [799.3150024414062, 638.6603393554688]]","[[719, 396], [1197, 396], [656, 597], [1262, 597], [524, 978], [1397, 978]]","[[599, 425], [599, 597], [1320, 597], [1320, 425]]","[810, 326]",None,None
62335,"[[919.6997680664062, 370.43121337890625], [924.01611328125, 367.55389404296875], [916.8223266601562, 367.55389404296875], [931.2098388671875, 367.55389404296875], [913.9447631835938, 367.55389404296875], [935.5261840820312, 381.94036865234375], [906.7509765625, 383.3790283203125], [936.9649658203125, 397.7655334472656], [892.3634643554688, 403.5201110839844], [944.15869140625, 410.7133483886719], [882.2921142578125, 432.2930603027344], [918.2611083984375, 425.0998229980469], [899.5572509765625, 425.0998229980469], [934.08740234375, 448.1181640625], [909.6285400390625, 458.1887512207031], [931.2098388671875, 471.1365661621094], [899.5572509765625, 492.71630859375]]","[[774.8673706054688, 531.9917602539062], [774.8673706054688, 530.5499877929688], [774.8673706054688, 530.5499877929688], [782.0553588867188, 531.9917602539062], [797.8690185546875, 526.2246704101562], [797.8690185546875, 552.1764526367188], [810.807373046875, 539.2005615234375], [810.807373046875, 569.4775390625], [807.9321899414062, 576.6864013671875], [823.745849609375, 589.6622924804688], [799.306640625, 632.9151611328125], [839.5593872070312, 595.4293212890625], [849.6226196289062, 585.3369750976562], [846.7474365234375, 655.9833374023438], [806.49462890625, 591.10400390625], [898.5009765625, 668.959228515625], [799.306640625, 638.6821899414062]]","[[719, 396], [1197, 396], [656, 597], [1262, 597], [524, 978], [1397, 978]]","[[599, 425], [599, 597], [1320, 597], [1320, 425]]","[818, 293]",None,None
62336,"[[921.94677734375, 374.9521484375], [926.1842041015625, 372.0882568359375], [919.1217651367188, 370.6563415527344], [933.2467041015625, 373.52020263671875], [916.2968139648438, 372.0882568359375], [936.0716552734375, 389.271484375], [907.8218383789062, 389.271484375], [938.8966674804688, 405.0227355957031], [892.284423828125, 410.75048828125], [938.8966674804688, 394.99920654296875], [880.9844970703125, 436.5252380371094], [919.1217651367188, 427.9336853027344], [900.7593994140625, 426.5017395019531], [934.6591796875, 449.41265869140625], [909.2343139648438, 458.0042419433594], [934.6591796875, 468.02777099609375], [900.7593994140625, 495.2345275878906]]","[[773.8353881835938, 531.2357177734375], [773.8353881835938, 528.35498046875], [799.6969604492188, 524.033935546875], [779.5823974609375, 531.2357177734375], [798.2601318359375, 524.033935546875], [795.3866577148438, 549.9603271484375], [812.627685546875, 536.9971313476562], [809.7542114257812, 570.1253662109375], [808.3175048828125, 573.0060424804688], [822.68505859375, 588.8499755859375], [799.6969604492188, 633.5010375976562], [835.6157836914062, 594.6114501953125], [847.1098022460938, 584.5289306640625], [842.7996826171875, 655.1064453125], [805.4440307617188, 588.8499755859375], [893.0859985351562, 665.18896484375], [897.3963623046875, 666.6292724609375]]","[[719, 396], [1197, 396], [656, 597], [1262, 597], [524, 978], [1397, 978]]","[[599, 425], [599, 597], [1320, 597], [1320, 425]]","[827, 264]",None,None
62337,"[[923.2747802734375, 375.8138732910156], [927.5306396484375, 371.4947509765625], [921.856201171875, 371.4947509765625], [934.6235961914062, 375.8138732910156], [919.0189819335938, 372.9344787597656], [938.87939453125, 388.7713623046875], [909.0887451171875, 393.0904846191406], [938.87939453125, 407.4877014160156], [887.8096923828125, 420.4451599121094], [940.2979736328125, 398.8493957519531], [882.13525390625, 433.4026184082031], [921.856201171875, 427.643798828125], [904.8328857421875, 426.2040710449219], [937.4607543945312, 452.1189880371094], [913.3446044921875, 457.87786865234375], [928.9491577148438, 469.3955993652344], [900.5771484375, 493.870849609375]]","[[773.5077514648438, 526.6683959960938], [773.5077514648438, 522.3517456054688], [799.2820434570312, 519.4739379882812], [779.2353515625, 526.6683959960938], [796.418212890625, 520.912841796875], [794.9862670898438, 548.2518920898438], [815.032958984375, 536.74072265625], [809.305419921875, 568.3964233398438], [812.1691284179688, 529.5462036132812], [822.1925048828125, 587.10205078125], [820.7605590820312, 588.5409545898438], [833.6477661132812, 594.2965698242188], [846.534912109375, 582.785400390625], [836.5115966796875, 651.8523559570312], [803.5776977539062, 588.5409545898438], [890.9239501953125, 661.9246215820312], [799.2820434570312, 638.9022827148438]]","[[719, 396], [1197, 396], [656, 597], [1262, 597], [524, 978], [1397, 978]]","[[599, 425], [599, 597], [1320, 597], [1320, 425]]","[842, 225]",None,None
62338,"[[925.3865966796875, 371.50225830078125], [929.65380859375, 368.6371154785156], [923.9642333984375, 367.20458984375], [938.18798828125, 372.934814453125], [921.1195068359375, 370.0696716308594], [941.0327758789062, 388.6929931640625], [911.162841796875, 390.12554931640625], [945.2998657226562, 398.72088623046875], [892.6720581054688, 408.74884033203125], [942.455078125, 395.8558044433594], [884.1378173828125, 427.3721618652344], [923.9642333984375, 427.3721618652344], [905.4734497070312, 425.9395446777344], [942.455078125, 451.7256774902344], [914.0076293945312, 456.02337646484375], [922.5418090820312, 468.9164123535156], [901.206298828125, 491.8373718261719]]","[[774.6369018554688, 512.9883422851562], [774.6369018554688, 511.55657958984375], [778.9276123046875, 510.12481689453125], [781.7881469726562, 515.851806640625], [797.5206909179688, 511.55657958984375], [796.0904541015625, 540.19140625], [811.8231201171875, 527.3057250976562], [807.5323486328125, 563.0992431640625], [818.9743041992188, 530.169189453125], [820.404541015625, 588.8706665039062], [810.3928833007812, 584.575439453125], [834.7069702148438, 590.3024291992188], [844.7186279296875, 578.8484497070312], [834.7069702148438, 647.5720825195312], [803.24169921875, 591.734130859375], [884.7652587890625, 657.5942993164062], [800.3812255859375, 637.5499267578125]]","[[719, 396], [1197, 396], [656, 597], [1262, 597], [524, 978], [1397, 978]]","[[599, 425], [599, 597], [1320, 597], [1320, 425]]","[859, 176]",None,None
62339,"[[931.5125122070312, 367.38238525390625], [934.3605346679688, 364.524658203125], [928.6646118164062, 364.524658203125], [941.4804077148438, 367.38238525390625], [924.3926391601562, 365.9534912109375], [944.3283081054688, 383.09991455078125], [915.8487548828125, 381.6710510253906], [955.72021484375, 395.959716796875], [898.7610473632812, 393.1020202636719], [961.4160766601562, 414.5350341796875], [887.3692016601562, 411.6772766113281], [924.3926391601562, 424.537109375], [908.7289428710938, 421.6793518066406], [944.3283081054688, 450.25677490234375], [913.0008544921875, 451.6856384277344], [920.1207275390625, 471.6897888183594], [900.18505859375, 491.69390869140625]]","[[783.326416015625, 508.54559326171875], [783.326416015625, 505.6816711425781], [784.760986328125, 505.6816711425781], [784.760986328125, 508.54559326171875], [803.4110107421875, 505.6816711425781], [799.107177734375, 534.3209228515625], [819.1917724609375, 522.865234375], [810.5841064453125, 558.664306640625], [823.49560546875, 522.865234375], [814.887939453125, 587.303466796875], [807.7149047851562, 581.57568359375], [834.9725341796875, 581.57568359375], [845.0147705078125, 574.4158325195312], [833.5379028320312, 644.5819702148438], [804.8455810546875, 591.599365234375], [885.1839599609375, 657.4696044921875], [800.5418090820312, 635.9901733398438]]","[[719, 396], [1197, 396], [656, 597], [1262, 597], [524, 978], [1397, 978]]","[[599, 425], [599, 597], [1320, 597], [1320, 425]]","[874, 140]",None,None
62340,"[[934.0001831054688, 356.39459228515625], [936.8519897460938, 353.52545166015625], [931.1483764648438, 353.52545166015625], [943.9815063476562, 357.82916259765625], [928.2965087890625, 356.39459228515625], [948.25927734375, 375.0440673828125], [918.315185546875, 373.6094970703125], [961.0924072265625, 390.8244323730469], [898.3524780273438, 387.95526123046875], [963.9442138671875, 397.9972839355469], [888.3711547851562, 406.604736328125], [929.7224731445312, 420.9504699707031], [912.611572265625, 419.5158996582031], [943.9815063476562, 449.6419982910156], [906.9078979492188, 453.9457092285156], [919.7410888671875, 472.59521484375], [901.2042846679688, 488.3755187988281]]","[[787.3448486328125, 501.8446960449219], [788.7750854492188, 498.9743347167969], [790.205322265625, 497.5390930175781], [790.205322265625, 501.8446960449219], [808.7982177734375, 497.5390930175781], [801.6471557617188, 526.2431030273438], [823.1005249023438, 517.6318969726562], [813.0889892578125, 556.3822631835938], [833.1121215820312, 527.6782836914062], [813.0889892578125, 587.9566650390625], [813.0889892578125, 587.9566650390625], [833.1121215820312, 577.9102783203125], [843.1237182617188, 570.7343139648438], [830.251708984375, 638.1886596679688], [808.7982177734375, 599.4382934570312], [880.3095703125, 655.4110717773438], [800.2169189453125, 638.1886596679688]]","[[719, 396], [1197, 396], [656, 597], [1262, 597], [524, 978], [1397, 978]]","[[599, 425], [599, 597], [1320, 597], [1320, 425]]","[889, 105]",None,None
62341,"[[933.9445190429688, 356.3174743652344], [936.8041381835938, 354.8827209472656], [931.0848999023438, 353.447998046875], [943.953125, 357.7522277832031], [928.2252807617188, 356.3174743652344], [948.2425537109375, 374.9692687988281], [918.2166137695312, 373.5345153808594], [961.1107788085938, 390.7514953613281], [898.1993408203125, 387.88201904296875], [963.9703979492188, 397.9252624511719], [888.1907958984375, 407.968505859375], [929.6550903320312, 420.88128662109375], [912.4974365234375, 419.4465026855469], [943.953125, 451.01104736328125], [906.7781982421875, 453.88055419921875], [919.6464233398438, 472.53228759765625], [901.0589599609375, 488.3145446777344]]","[[787.3790893554688, 502.2047119140625], [788.8096313476562, 499.3409423828125], [790.2401123046875, 497.90899658203125], [790.2401123046875, 502.2047119140625], [808.8369140625, 497.90899658203125], [801.684326171875, 525.115234375], [823.1420288085938, 517.9556884765625], [813.12841796875, 556.6171875], [833.1557006835938, 527.9790649414062], [813.12841796875, 588.119140625], [813.12841796875, 588.119140625], [833.1557006835938, 578.0957641601562], [843.1693115234375, 570.9362182617188], [830.294677734375, 638.2359008789062], [808.8369140625, 599.5744018554688], [880.36279296875, 655.4187622070312], [800.2538452148438, 638.2359008789062]]","[[719, 396], [1197, 396], [656, 597], [1262, 597], [524, 978], [1397, 978]]","[[599, 425], [599, 597], [1320, 597], [1320, 425]]","[895, 93]",None,None
62342,"[[936.4185791015625, 350.06549072265625], [940.7272338867188, 347.20587158203125], [933.546142578125, 347.20587158203125], [946.47216796875, 350.06549072265625], [930.6736450195312, 350.06549072265625], [953.6533203125, 365.7934265136719], [922.056396484375, 365.7934265136719], [965.1431274414062, 380.091552734375], [901.9491577148438, 382.951171875], [968.0155639648438, 388.67041015625], [889.0231323242188, 401.5387268066406], [934.9823608398438, 420.1263122558594], [916.3114624023438, 417.26666259765625], [946.47216796875, 448.7225646972656], [907.694091796875, 447.2927551269531], [920.6201782226562, 471.5995788574219], [900.512939453125, 481.6082458496094]]","[[792.869873046875, 496.27099609375], [792.869873046875, 491.9609680175781], [792.869873046875, 490.5243225097656], [794.3056640625, 496.27099609375], [814.4074096679688, 493.3976745605469], [804.3565063476562, 522.1309204101562], [828.7657470703125, 513.5109252929688], [815.8432006835938, 555.1741943359375], [840.2523803710938, 532.1875610351562], [811.5357055664062, 588.2174682617188], [814.4074096679688, 588.2174682617188], [833.0731811523438, 576.72412109375], [848.8673706054688, 570.9774780273438], [830.2015380859375, 638.5006713867188], [815.8432006835938, 598.2740478515625], [879.0198974609375, 654.303955078125], [804.3565063476562, 637.06396484375]]","[[719, 396], [1197, 396], [656, 597], [1262, 597], [524, 978], [1397, 978]]","[[599, 425], [599, 597], [1320, 597], [1320, 425]]","[902, 86]",None,None
62343,"[[938.4619140625, 346.0491638183594], [942.7345581054688, 343.1866149902344], [937.0376586914062, 341.75531005859375], [949.8555908203125, 344.6178894042969], [932.7650146484375, 344.6178894042969], [956.9766845703125, 361.7933044433594], [922.7955322265625, 360.362060546875], [969.7944946289062, 378.9687805175781], [904.2808227539062, 374.6749267578125], [971.21875, 384.69390869140625], [892.8871459960938, 393.2816467285156], [939.8861083984375, 413.31964111328125], [921.371337890625, 410.4570617675781], [945.5829467773438, 446.23919677734375], [914.2503662109375, 439.0827941894531], [919.9472045898438, 472.0024108886719], [901.4324340820312, 472.0024108886719]]","[[797.7256469726562, 491.5141296386719], [799.152099609375, 488.6318054199219], [799.152099609375, 485.74951171875], [800.5785522460938, 494.39642333984375], [820.549072265625, 490.07293701171875], [809.1373901367188, 520.337158203125], [834.8137817382812, 511.69024658203125], [817.6961059570312, 557.8070678710938], [846.2255249023438, 537.6309814453125], [807.7109375, 588.0712890625], [811.9903564453125, 586.630126953125], [834.8137817382812, 572.2186279296875], [850.5049438476562, 567.8952026367188], [826.2549438476562, 635.6293334960938], [816.2696533203125, 602.4828491210938], [876.1812744140625, 655.8054809570312], [811.9903564453125, 644.2762451171875]]","[[719, 396], [1197, 396], [656, 597], [1262, 597], [524, 978], [1397, 978]]","[[599, 425], [599, 597], [1320, 597], [1320, 425]]","[909, 64]",None,None
62344,"[[942.7786254882812, 344.13525390625], [947.035400390625, 336.97418212890625], [941.3596801757812, 336.97418212890625], [952.711181640625, 339.838623046875], [935.6839599609375, 338.4064025878906], [959.8058471679688, 355.5929260253906], [925.7514038085938, 354.16070556640625], [969.7384033203125, 365.618408203125], [905.8863525390625, 371.34722900390625], [971.1573486328125, 377.07611083984375], [893.1159057617188, 392.8304443359375], [945.6165161132812, 405.7203369140625], [925.7514038085938, 402.85589599609375], [947.035400390625, 438.66119384765625], [920.07568359375, 432.932373046875], [921.49462890625, 467.305419921875], [901.6295166015625, 468.7376403808594]]","[[805.2514038085938, 497.7338562011719], [803.8148193359375, 493.42437744140625], [805.2514038085938, 493.42437744140625], [806.68798828125, 494.8608703613281], [825.3638305664062, 493.42437744140625], [813.8710327148438, 519.2811279296875], [839.7299194335938, 514.9716796875], [819.617431640625, 559.5028076171875], [848.3494873046875, 543.701416015625], [800.9415893554688, 592.5420532226562], [813.8710327148438, 582.486572265625], [838.2932739257812, 573.86767578125], [854.0958862304688, 570.9946899414062], [822.4906005859375, 637.0731201171875], [818.1807861328125, 608.3433837890625], [872.7717895507812, 660.0569458007812], [819.617431640625, 650.0015258789062]]","[[719, 396], [1197, 396], [656, 597], [1262, 597], [524, 978], [1397, 978]]","[[599, 425], [599, 597], [1320, 597], [1320, 425]]","[922, 45]",None,None
62345,"[[947.4148559570312, 333.09185791015625], [950.2949829101562, 330.2196350097656], [943.0947265625, 330.2196350097656], [954.6151733398438, 335.96405029296875], [938.7745361328125, 334.5279541015625], [963.2555541992188, 351.7611999511719], [928.6941528320312, 348.8890075683594], [971.8958740234375, 367.558349609375], [911.4133911132812, 363.2500305175781], [974.7760009765625, 376.1749572753906], [898.4528198242188, 381.91937255859375], [951.7350463867188, 400.5887145996094], [931.57421875, 399.1526184082031], [950.2949829101562, 432.1830139160156], [924.3739013671875, 427.8746643066406], [922.933837890625, 463.7772521972656], [907.0932006835938, 462.3411865234375]]","[[811.6812133789062, 498.7406311035156], [810.2553100585938, 494.4165344238281], [831.6451416015625, 492.9751892089844], [811.6812133789062, 497.2992248535156], [831.6451416015625, 494.4165344238281], [818.8112182617188, 520.3610229492188], [844.4791259765625, 516.0369262695312], [820.2372436523438, 565.043212890625], [854.4610595703125, 550.6295776367188], [798.8472900390625, 590.9877319335938], [798.8472900390625, 590.9877319335938], [840.2011108398438, 578.0155029296875], [857.3130493164062, 575.1327514648438], [820.2372436523438, 639.9939575195312], [818.8112182617188, 598.1945190429688], [868.7210083007812, 664.4971313476562], [872.9989624023438, 664.4971313476562]]","[[719, 396], [1197, 396], [656, 597], [1262, 597], [524, 978], [1397, 978]]","[[599, 425], [599, 597], [1320, 597], [1320, 425]]","[932, 28]",None,None
62346,"[[951.0189208984375, 337.0639953613281], [952.4574584960938, 324.1953430175781], [945.2649536132812, 324.1953430175781], [959.6498413085938, 328.4848937988281], [942.3880004882812, 328.4848937988281], [965.40380859375, 345.64306640625], [933.757080078125, 342.78338623046875], [971.1577758789062, 364.2311096191406], [913.6182861328125, 358.5116882324219], [971.1577758789062, 359.9415283203125], [903.548828125, 375.6698913574219], [955.3343505859375, 395.6877746582031], [933.757080078125, 394.2579040527344], [953.8958740234375, 428.5742492675781], [929.4415893554688, 424.28472900390625], [929.4415893554688, 460.03094482421875], [915.0567016601562, 451.45184326171875]]","[[816.0716552734375, 502.738525390625], [816.0716552734375, 498.4180908203125], [817.5036010742188, 496.97796630859375], [817.5036010742188, 501.2983703613281], [837.5504760742188, 499.8582458496094], [823.2312622070312, 528.6611328125], [850.437744140625, 521.4603881835938], [821.7993774414062, 570.4253540039062], [863.324951171875, 553.1436157226562], [796.02490234375, 589.1472778320312], [873.348388671875, 574.7457885742188], [840.414306640625, 587.7071533203125], [859.0291748046875, 581.946533203125], [820.367431640625, 642.4326171875], [817.5036010742188, 607.869140625], [864.7568969726562, 668.3552856445312], [870.4845581054688, 669.79541015625]]","[[719, 396], [1197, 396], [656, 597], [1262, 597], [524, 978], [1397, 978]]","[[599, 425], [599, 597], [1320, 597], [1320, 425]]","[941, 17]",None,None
62347,"[[951.0021362304688, 337.41455078125], [952.4368896484375, 324.45849609375], [945.26318359375, 323.0189208984375], [959.6104736328125, 328.77716064453125], [942.3937377929688, 328.77716064453125], [966.7841186523438, 346.05194091796875], [933.7853393554688, 343.1728210449219], [971.0883178710938, 364.7662658691406], [913.6991577148438, 359.0080261230469], [972.5230712890625, 360.4476013183594], [903.656005859375, 376.28277587890625], [955.3063354492188, 394.9971008300781], [933.7853393554688, 394.9971008300781], [953.87158203125, 428.10711669921875], [928.04638671875, 425.22796630859375], [929.4811401367188, 459.7774658203125], [915.1338500976562, 451.1401062011719]]","[[816.0299072265625, 503.10040283203125], [816.0299072265625, 498.79852294921875], [817.460693359375, 497.36456298828125], [817.460693359375, 500.23248291015625], [837.491943359375, 498.79852294921875], [823.1838989257812, 528.91162109375], [850.3690795898438, 521.7418212890625], [821.7531127929688, 570.4962768554688], [863.2462768554688, 553.288818359375], [795.998779296875, 590.5715942382812], [873.2619018554688, 574.798095703125], [840.3534545898438, 587.7036743164062], [858.9539184570312, 581.9678955078125], [820.3223266601562, 642.1939697265625], [817.460693359375, 607.779052734375], [866.10791015625, 669.4390258789062], [870.4003295898438, 670.873046875]]","[[719, 396], [1197, 396], [656, 597], [1262, 597], [524, 978], [1397, 978]]","[[599, 425], [599, 597], [1320, 597], [1320, 425]]","[941, 17]",None,None
62348,"[[949.3715209960938, 321.8147888183594], [955.1044921875, 320.3805236816406], [949.3715209960938, 320.3805236816406], [963.703857421875, 326.11749267578125], [946.505126953125, 326.11749267578125], [969.4367065429688, 343.3283386230469], [936.4725341796875, 340.4598693847656], [970.8699340820312, 361.9734191894531], [916.4074096679688, 354.8022155761719], [976.602783203125, 373.44732666015625], [909.2412719726562, 372.01312255859375], [956.5376586914062, 393.52667236328125], [936.4725341796875, 390.6581726074219], [955.1044921875, 426.51416015625], [929.3064575195312, 423.6456604003906], [935.039306640625, 455.19891357421875], [919.2738647460938, 455.19891357421875]]","[[821.3997192382812, 504.7867736816406], [822.838134765625, 500.4639587402344], [822.838134765625, 499.0230407714844], [824.2765502929688, 504.7867736816406], [842.9758911132812, 500.4639587402344], [827.1533203125, 533.6054077148438], [857.360107421875, 523.5189208984375], [822.838134765625, 569.6287841796875], [868.867431640625, 550.8966674804688], [795.5082397460938, 586.9199829101562], [878.936279296875, 578.2744140625], [841.5374755859375, 592.6837158203125], [861.67529296875, 589.8018798828125], [819.9613037109375, 641.6754760742188], [828.5917358398438, 634.4708251953125], [863.1137084960938, 679.1397705078125], [825.7149047851562, 653.2029418945312]]","[[719, 396], [1197, 396], [656, 597], [1262, 597], [524, 978], [1397, 978]]","[[599, 425], [599, 597], [1320, 597], [1320, 425]]","[950, 7]",None,None
62349,"[[959.9077758789062, 320.10009765625], [962.7572631835938, 315.79388427734375], [957.058349609375, 315.79388427734375], [968.4561157226562, 321.5354919433594], [952.7841796875, 321.5354919433594], [972.7302856445312, 340.1957092285156], [941.3864135742188, 335.8895263671875], [974.1549682617188, 358.85595703125], [925.7145385742188, 350.2435302734375], [947.0852661132812, 350.2435302734375], [915.741455078125, 367.4683532714844], [961.3324584960938, 390.434814453125], [939.9617309570312, 388.9993896484375], [959.9077758789062, 420.5782470703125], [931.413330078125, 420.5782470703125], [952.7841796875, 443.544677734375], [921.4403076171875, 453.5924987792969]]","[[826.2227783203125, 507.19818115234375], [826.2227783203125, 502.88201904296875], [827.6592407226562, 502.88201904296875], [827.6592407226562, 505.7594909667969], [849.2066650390625, 501.44329833984375], [830.5322265625, 534.533935546875], [865.0081176757812, 524.462890625], [826.2227783203125, 569.0632934570312], [876.5000610351562, 551.7986450195312], [794.619873046875, 586.3280029296875], [887.9920654296875, 579.1343994140625], [849.2066650390625, 590.6441650390625], [867.881103515625, 586.3280029296875], [823.3497924804688, 643.8770141601562], [843.460693359375, 610.7863159179688], [862.1351318359375, 679.8450927734375], [833.4052124023438, 651.070556640625]]","[[719, 396], [1197, 396], [656, 597], [1262, 597], [524, 978], [1397, 978]]","[[599, 425], [599, 597], [1320, 597], [1320, 425]]","[956, 9]",None,None
62350,"[[966.5101928710938, 320.3917541503906], [967.9423828125, 314.6654357910156], [960.7813720703125, 313.2338562011719], [973.6712036132812, 320.3917541503906], [957.9169921875, 317.52862548828125], [976.53564453125, 339.00225830078125], [947.8915405273438, 328.9812316894531], [977.9678344726562, 360.47589111328125], [936.4338989257812, 344.7285461425781], [945.0271606445312, 341.86541748046875], [926.4083862304688, 360.47589111328125], [963.6458129882812, 386.2442626953125], [942.1627197265625, 383.381103515625], [963.6458129882812, 416.3074035644531], [932.13720703125, 417.7389831542969], [960.7813720703125, 439.2126159667969], [920.6796875, 452.0968017578125]]","[[831.2183837890625, 506.0261535644531], [832.6519165039062, 501.70477294921875], [832.6519165039062, 501.70477294921875], [834.0853881835938, 506.0261535644531], [852.720947265625, 501.70477294921875], [834.0853881835938, 536.2758178710938], [868.489501953125, 524.752197265625], [822.6173706054688, 572.2874145507812], [881.3909912109375, 550.6804809570312], [798.247802734375, 580.93017578125], [891.425537109375, 578.0492553710938], [854.1544189453125, 589.5729370117188], [872.7899780273438, 585.2515258789062], [829.784912109375, 642.8699951171875], [841.2529296875, 634.2272338867188], [865.6224975585938, 686.0838623046875], [838.3859252929688, 654.3937377929688]]","[[719, 396], [1197, 396], [656, 597], [1262, 597], [524, 978], [1397, 978]]","[[599, 425], [599, 597], [1320, 597], [1320, 425]]","[962, 8]",None,None
62351,"[[964.5794677734375, 313.105712890625], [968.8264770507812, 310.2250671386719], [964.5794677734375, 311.6654052734375], [977.320556640625, 315.98638916015625], [963.1637573242188, 313.105712890625], [981.5675659179688, 334.7106628417969], [953.2540283203125, 326.0686950683594], [982.9832153320312, 357.7559509277344], [947.59130859375, 343.3526611328125], [967.4108276367188, 347.6736145019531], [941.9285888671875, 356.31561279296875], [965.9951171875, 385.1221923828125], [946.1756591796875, 380.8012390136719], [963.1637573242188, 416.8094177246094], [934.8502197265625, 413.9288024902344], [965.9951171875, 435.53375244140625], [923.5247802734375, 448.4967041015625]]","[[837.6604614257812, 507.1695861816406], [837.6604614257812, 502.8626403808594], [839.0911254882812, 502.8626403808594], [839.0911254882812, 507.1695861816406], [857.6898193359375, 504.29827880859375], [839.0911254882812, 538.7536010742188], [874.8578491210938, 527.2684936523438], [823.3538208007812, 573.2089233398438], [889.1644897460938, 554.5455932617188], [801.8938598632812, 577.5158081054688], [897.7484741210938, 578.951416015625], [856.2591552734375, 591.8721923828125], [879.1498413085938, 589.0009155273438], [833.3684692382812, 642.1195068359375], [857.6898193359375, 623.4562377929688], [869.1351928710938, 686.624267578125], [843.3831176757812, 655.0402221679688]]","[[719, 396], [1197, 396], [656, 597], [1262, 597], [524, 978], [1397, 978]]","[[599, 425], [599, 597], [1320, 597], [1320, 425]]","[968, 8]",None,None
62352,"[[969.3942260742188, 309.63043212890625], [976.4857177734375, 305.3280334472656], [972.2308349609375, 305.3280334472656], [982.1589965820312, 313.93280029296875], [969.3942260742188, 309.63043212890625], [984.9955444335938, 332.5765075683594], [959.466064453125, 323.9717102050781], [986.4138793945312, 355.5226135253906], [955.211181640625, 344.049560546875], [975.0674438476562, 349.78607177734375], [949.5380249023438, 358.3908996582031], [970.8125610351562, 379.9028625488281], [952.3746337890625, 377.0345764160156], [963.720947265625, 412.88787841796875], [939.60986328125, 410.0196228027344], [972.2308349609375, 434.39984130859375], [932.518310546875, 441.5704650878906]]","[[842.207275390625, 505.6660461425781], [843.6331787109375, 502.7899169921875], [843.6331787109375, 501.3518371582031], [843.6331787109375, 507.1041259765625], [863.595703125, 505.6660461425781], [842.207275390625, 540.1798706054688], [880.7064208984375, 530.11328125], [826.5224609375, 571.8175048828125], [896.3912353515625, 555.9987182617188], [807.9857177734375, 573.255615234375], [904.9466552734375, 579.0078735351562], [862.1697998046875, 593.388671875], [884.9840698242188, 589.0744018554688], [837.9295654296875, 639.4070434570312], [866.4474487304688, 627.9024658203125], [870.7251586914062, 688.3015747070312], [856.4661865234375, 656.6640014648438]]","[[719, 396], [1197, 396], [656, 597], [1262, 597], [524, 978], [1397, 978]]","[[599, 425], [599, 597], [1320, 597], [1320, 425]]","[974, 8]",None,None
62353,"[[969.3317260742188, 309.5987854003906], [976.4237060546875, 305.2931213378906], [972.1685180664062, 305.2931213378906], [982.0973510742188, 313.9044494628906], [969.3317260742188, 309.5987854003906], [984.93408203125, 332.562255859375], [960.8212890625, 323.9509582519531], [986.3526000976562, 355.5257568359375], [955.1476440429688, 344.04400634765625], [975.00537109375, 349.7848815917969], [949.4740600585938, 358.3962097167969], [970.7501220703125, 379.9244689941406], [952.310791015625, 377.0540466308594], [963.6580200195312, 412.9344787597656], [940.9635620117188, 407.193603515625], [972.1685180664062, 434.4627685546875], [932.453125, 441.63885498046875]]","[[842.2012939453125, 505.5984191894531], [843.6270751953125, 502.72283935546875], [843.6270751953125, 501.2850646972656], [843.6270751953125, 507.0362243652344], [863.5883178710938, 505.5984191894531], [842.2012939453125, 540.1054077148438], [880.697998046875, 530.0408325195312], [826.5174560546875, 571.7367553710938], [896.3817749023438, 555.9210815429688], [807.9820556640625, 573.174560546875], [904.9366455078125, 578.9257202148438], [862.1624755859375, 593.3035888671875], [884.975341796875, 588.990234375], [837.923828125, 639.3128662109375], [866.4398803710938, 627.810546875], [870.7173461914062, 688.1976928710938], [856.4593505859375, 656.5663452148438]]","[[719, 396], [1197, 396], [656, 597], [1262, 597], [524, 978], [1397, 978]]","[[599, 425], [599, 597], [1320, 597], [1320, 425]]","[980, 7]",None,None
62354,"[[974.2305908203125, 306.51239013671875], [978.4681396484375, 305.0716857910156], [975.64306640625, 303.6309509277344], [985.53076171875, 312.2752685546875], [972.8180541992188, 309.3938293457031], [986.943359375, 331.00457763671875], [965.75537109375, 322.3602600097656], [988.3558349609375, 356.93743896484375], [961.517822265625, 341.0895690917969], [977.0556640625, 348.29315185546875], [955.86767578125, 362.7002868652344], [975.64306640625, 378.54815673828125], [960.1052856445312, 372.7853088378906], [964.3428955078125, 410.2438659667969], [947.3925170898438, 403.0403137207031], [972.8180541992188, 431.8546142578125], [944.5674438476562, 436.1767883300781]]","[[848.6517333984375, 506.7357482910156], [848.6517333984375, 503.86767578125], [848.6517333984375, 500.99951171875], [848.6517333984375, 508.1698303222656], [870.1338500976562, 505.30169677734375], [847.2195434570312, 539.7191772460938], [885.8875732421875, 529.6807861328125], [830.0337524414062, 569.8345336914062], [901.64111328125, 555.493896484375], [817.1444702148438, 571.2686157226562], [910.2340087890625, 578.4389038085938], [865.8375244140625, 594.213623046875], [888.7518310546875, 591.345458984375], [845.7874755859375, 638.6694946289062], [877.2946166992188, 630.0651245117188], [871.5660400390625, 691.7298583984375], [870.1338500976562, 675.9551391601562]]","[[719, 396], [1197, 396], [656, 597], [1262, 597], [524, 978], [1397, 978]]","[[599, 425], [599, 597], [1320, 597], [1320, 425]]","[986, 7]",None,None
62355,"[[978.5979614257812, 309.1032409667969], [981.4259643554688, 306.24505615234375], [982.8399658203125, 303.3868408203125], [984.2538452148438, 310.5323181152344], [978.5979614257812, 307.67413330078125], [991.3236694335938, 330.53961181640625], [972.942138671875, 320.5359802246094], [991.3236694335938, 356.2633056640625], [967.2862548828125, 344.83056640625], [980.011962890625, 346.2596435546875], [960.2164306640625, 363.4087829589844], [980.011962890625, 376.2706298828125], [965.872314453125, 370.55426025390625], [965.872314453125, 409.1398010253906], [953.1466064453125, 404.8525085449219], [972.942138671875, 434.86346435546875], [964.4583129882812, 430.576171875]]","[[854.76171875, 506.77349853515625], [853.3344116210938, 503.9026794433594], [854.76171875, 502.46728515625], [854.76171875, 506.77349853515625], [874.7451782226562, 505.3381042480469], [851.906982421875, 536.9169921875], [891.873779296875, 529.7399291992188], [836.2057495117188, 567.0604248046875], [906.1476440429688, 554.141845703125], [820.5045166015625, 569.9312133789062], [916.1393432617188, 577.1082153320312], [870.4630126953125, 592.897705078125], [894.7285766601562, 590.0269165039062], [851.906982421875, 635.9597778320312], [884.7368774414062, 630.2182006835938], [870.4630126953125, 693.3758544921875], [887.5916748046875, 674.7156372070312]]","[[719, 396], [1197, 396], [656, 597], [1262, 597], [524, 978], [1397, 978]]","[[599, 425], [599, 597], [1320, 597], [1320, 425]]","[993, 7]",None,None
62356,"[[982.89794921875, 306.0774230957031], [985.7207641601562, 304.6391296386719], [984.3093872070312, 303.2008056640625], [997.0120849609375, 310.3923645019531], [982.89794921875, 306.0774230957031], [997.0120849609375, 330.52874755859375], [977.2523193359375, 320.4605407714844], [997.0120849609375, 354.9800720214844], [973.01806640625, 337.7203369140625], [982.89794921875, 343.47357177734375], [965.9609985351562, 363.6099548339844], [984.3093872070312, 376.55474853515625], [970.1951904296875, 370.801513671875], [967.3724365234375, 408.1976623535156], [960.3153076171875, 405.321044921875], [975.8408813476562, 432.64898681640625], [978.6637573242188, 421.14251708984375]]","[[859.316650390625, 503.1888122558594], [860.7529296875, 500.31353759765625], [860.7529296875, 498.8759460449219], [860.7529296875, 504.62646484375], [879.4243774414062, 503.1888122558594], [857.88037109375, 531.9414672851562], [895.2232666015625, 526.19091796875], [840.6452026367188, 563.5693359375], [912.45849609375, 552.0682983398438], [830.59130859375, 567.8822631835938], [922.5123901367188, 576.508056640625], [875.1155395507812, 592.322021484375], [900.9683227539062, 589.4467163085938], [863.6254272460938, 638.3262329101562], [895.2232666015625, 634.0133666992188], [870.8067626953125, 695.83154296875], [899.5321044921875, 684.3304443359375]]","[[719, 396], [1197, 396], [656, 597], [1262, 597], [524, 978], [1397, 978]]","[[599, 425], [599, 597], [1320, 597], [1320, 425]]","[999, 7]",None,None
62357,"[[1003.5081176757812, 309.3813171386719], [992.155517578125, 303.62432861328125], [993.5745239257812, 302.1850891113281], [990.7364501953125, 307.94207763671875], [987.8982543945312, 306.5028076171875], [1002.0890502929688, 326.6523132324219], [982.221923828125, 322.3345642089844], [1006.3462524414062, 349.6802673339844], [979.3838500976562, 341.0447692871094], [993.5745239257812, 348.24102783203125], [975.1265869140625, 353.9980163574219], [989.3173217773438, 372.708251953125], [977.9647216796875, 369.8297119140625], [970.8693237304688, 404.3717041015625], [968.0311279296875, 404.3717041015625], [975.1265869140625, 434.5959167480469], [994.9935913085938, 410.1286926269531]]","[[866.9462280273438, 503.54718017578125], [866.9462280273438, 500.67071533203125], [866.9462280273438, 500.67071533203125], [866.9462280273438, 504.9853515625], [886.8536987304688, 502.10894775390625], [861.2584228515625, 530.8731689453125], [902.4953002929688, 526.5585327148438], [845.6168212890625, 563.9520263671875], [918.136962890625, 551.0081176757812], [841.350830078125, 566.8284301757812], [929.5126953125, 578.3341064453125], [881.1658325195312, 595.5926513671875], [906.76123046875, 591.2780151367188], [875.47802734375, 643.0535888671875], [903.9172973632812, 637.30078125], [874.0560913085938, 693.3909912109375], [912.4490966796875, 684.76171875]]","[[719, 396], [1197, 396], [656, 597], [1262, 597], [524, 978], [1397, 978]]","[[599, 425], [599, 597], [1320, 597], [1320, 425]]","[1005, 6]",None,None
62358,"[[993.0762329101562, 304.1707763671875], [995.9112548828125, 301.2953796386719], [995.9112548828125, 298.41998291015625], [994.4937133789062, 304.1707763671875], [1007.2515258789062, 305.6084899902344], [1007.2515258789062, 325.73626708984375], [991.6586303710938, 318.54779052734375], [1011.5040893554688, 348.739501953125], [985.988525390625, 340.11328125], [991.6586303710938, 342.98870849609375], [978.9008178710938, 345.8641052246094], [995.9112548828125, 371.7427062988281], [987.4060668945312, 368.8672790527344], [973.2307739257812, 400.4967041015625], [973.2307739257812, 400.4967041015625], [974.6482543945312, 433.5638122558594], [1002.9989013671875, 407.6852111816406]]","[[871.1377563476562, 504.680419921875], [872.5775756835938, 501.81170654296875], [875.4571533203125, 497.5086975097656], [872.5775756835938, 504.680419921875], [894.1747436523438, 503.2460632324219], [868.2581787109375, 530.4985961914062], [908.57275390625, 526.1956176757812], [853.860107421875, 563.488525390625], [925.8505249023438, 554.8824462890625], [843.7814331054688, 572.0945434570312], [937.368896484375, 579.2662963867188], [888.4154663085938, 596.4784545898438], [915.7718505859375, 592.1754150390625], [882.65625, 648.1148071289062], [914.33203125, 639.5087280273438], [881.2164306640625, 698.31689453125], [925.8505249023438, 694.0138549804688]]","[[719, 396], [1197, 396], [656, 597], [1262, 597], [524, 978], [1397, 978]]","[[599, 425], [599, 597], [1320, 597], [1320, 425]]","[1011, 6]",None,None
62359,"[[993.0965576171875, 304.1247253417969], [995.9291381835938, 301.2476806640625], [995.9291381835938, 298.37066650390625], [994.5128173828125, 304.1247253417969], [1007.2599487304688, 305.5632019042969], [1007.2599487304688, 325.7023620605469], [991.68017578125, 318.50982666015625], [1011.5089721679688, 348.718505859375], [986.0148315429688, 340.08746337890625], [993.0965576171875, 344.4029846191406], [978.9330444335938, 345.84149169921875], [995.9291381835938, 371.7346496582031], [987.4310913085938, 368.857666015625], [973.2676391601562, 400.5048522949219], [973.2676391601562, 400.5048522949219], [974.6840209960938, 433.5906066894531], [1003.0108642578125, 407.69744873046875]]","[[872.0255737304688, 504.83367919921875], [872.0255737304688, 501.9499816894531], [874.8745727539062, 497.6244201660156], [873.4501342773438, 504.83367919921875], [893.3929443359375, 503.391845703125], [867.7521362304688, 530.7869873046875], [909.062255859375, 526.4614868164062], [853.5072021484375, 563.9495849609375], [926.1560668945312, 553.8565673828125], [843.5358276367188, 572.6006469726562], [937.552001953125, 579.8099365234375], [887.6949462890625, 595.6702270507812], [916.1846923828125, 592.7865600585938], [881.9970092773438, 647.5768432617188], [914.7601318359375, 640.3676147460938], [881.9970092773438, 698.0416259765625], [926.1560668945312, 693.7160034179688]]","[[719, 396], [1197, 396], [656, 597], [1262, 597], [524, 978], [1397, 978]]","[[599, 425], [599, 597], [1320, 597], [1320, 425]]","[1017, 6]",None,None
62360,"[[995.5066528320312, 303.8096923828125], [998.3713989257812, 300.9461364746094], [1004.1008911132812, 296.6508483886719], [999.8038330078125, 303.8096923828125], [998.3713989257812, 302.3779296875], [1009.8304443359375, 322.42266845703125], [998.3713989257812, 318.12738037109375], [1018.4247436523438, 343.899169921875], [991.20947265625, 336.7403259277344], [999.8038330078125, 339.6038818359375], [976.8856201171875, 339.6038818359375], [998.3713989257812, 371.1027526855469], [994.07421875, 366.80743408203125], [979.7504272460938, 394.0110168457031], [995.5066528320312, 392.5792541503906], [976.8856201171875, 428.3734130859375], [1012.6952514648438, 409.76043701171875]]","[[891.7255859375, 507.06494140625], [877.4954833984375, 505.6231689453125], [900.2636108398438, 505.6231689453125], [878.9185180664062, 509.948486328125], [900.2636108398438, 508.5066833496094], [874.6495361328125, 537.3422241210938], [915.9166259765625, 531.5751342773438], [860.41943359375, 567.6195068359375], [932.9927368164062, 558.9688110351562], [844.7664184570312, 584.9207763671875], [945.7997436523438, 584.9207763671875], [894.571533203125, 603.6638793945312], [923.0316772460938, 599.3385009765625], [888.8795776367188, 652.6842651367188], [925.877685546875, 646.9171142578125], [891.7255859375, 704.588134765625], [938.6846923828125, 695.9375]]","[[719, 396], [1197, 396], [656, 597], [1262, 597], [524, 978], [1397, 978]]","[[599, 425], [599, 597], [1320, 597], [1320, 425]]","[1024, 6]",None,None
62361,"[[1003.1851196289062, 296.6687316894531], [1008.8538818359375, 293.7908935546875], [1003.1851196289062, 293.7908935546875], [1015.93994140625, 299.54656982421875], [1003.1851196289062, 298.1076354980469], [1017.357177734375, 318.2525329589844], [1001.7678833007812, 313.9357604980469], [1024.443115234375, 341.27532958984375], [997.5162353515625, 329.763916015625], [1011.6882934570312, 332.64178466796875], [976.2581787109375, 325.4471740722656], [1006.01953125, 362.859130859375], [998.9334716796875, 359.9812927246094], [987.5958251953125, 394.51544189453125], [1001.7678833007812, 388.759765625], [981.927001953125, 433.3663330078125], [1017.357177734375, 408.9046325683594]]","[[897.1077270507812, 511.4178771972656], [902.8378295898438, 507.1144104003906], [891.377685546875, 507.1144104003906], [887.0802001953125, 514.286865234375], [907.1354370117188, 514.286865234375], [881.35009765625, 541.5421142578125], [922.89306640625, 540.1076049804688], [865.5924072265625, 575.9697875976562], [938.6507568359375, 565.9284057617188], [849.8346557617188, 588.8801879882812], [954.4083862304688, 588.8801879882812], [899.9728393554688, 610.3975219726562], [928.6231079101562, 606.0940551757812], [895.6752319335938, 659.1701049804688], [937.2182006835938, 653.43212890625], [902.8378295898438, 715.1151123046875], [954.4083862304688, 707.9426879882812]]","[[719, 396], [1197, 396], [656, 597], [1262, 597], [524, 978], [1397, 978]]","[[599, 425], [599, 597], [1320, 597], [1320, 425]]","[1031, 9]",None,None
62362,"[[1009.5205688476562, 294.8802795410156], [1012.3838500976562, 292.006103515625], [1009.5205688476562, 292.006103515625], [1015.2472534179688, 294.8802795410156], [1026.7005615234375, 293.4432067871094], [1020.973876953125, 312.12530517578125], [1010.9522094726562, 309.25115966796875], [1028.1322021484375, 335.11871337890625], [1005.2254638671875, 329.370361328125], [1026.7005615234375, 356.67498779296875], [1005.2254638671875, 320.7478332519531], [1015.2472534179688, 356.67498779296875], [1008.0888671875, 355.2379150390625], [996.6354370117188, 383.9796447753906], [1003.7938232421875, 385.4167175292969], [992.3403930664062, 415.5955505371094], [1018.110595703125, 409.8471984863281]]","[[895.1265258789062, 521.170166015625], [895.1265258789062, 518.2884521484375], [895.1265258789062, 518.2884521484375], [895.1265258789062, 524.0519409179688], [913.82177734375, 521.170166015625], [887.9360961914062, 549.9876708984375], [929.6407470703125, 545.6650390625], [872.1170043945312, 583.1277465820312], [945.4597778320312, 573.0416870117188], [851.9837036132812, 596.0956420898438], [959.8407592773438, 594.65478515625], [906.63134765625, 620.5905151367188], [935.3931884765625, 617.7088012695312], [900.8789672851562, 666.698486328125], [948.3359985351562, 662.3759155273438], [906.63134765625, 722.892578125], [968.4692993164062, 714.2474365234375]]","[[719, 396], [1197, 396], [656, 597], [1262, 597], [524, 978], [1397, 978]]","[[599, 425], [599, 597], [1320, 597], [1320, 425]]","[1039, 19]",None,None
62363,"[[1035.8927001953125, 285.7686462402344], [1031.643798828125, 281.4486083984375], [1030.2275390625, 281.4486083984375], [1034.4764404296875, 284.3286437988281], [1021.7298583984375, 284.3286437988281], [1033.06005859375, 300.1688232421875], [1018.897216796875, 298.72882080078125], [1013.2320556640625, 321.7690734863281], [1013.2320556640625, 323.2090759277344], [1027.39501953125, 292.9687194824219], [1003.3180541992188, 300.1688232421875], [1018.897216796875, 349.1294250488281], [1014.6483154296875, 346.2493591308594], [1001.9016723632812, 376.4897155761719], [1000.4854125976562, 377.92974853515625], [1017.48095703125, 409.610107421875], [1018.897216796875, 408.1701354980469]]","[[901.0393676757812, 532.08251953125], [901.0393676757812, 527.7736206054688], [902.4767456054688, 527.7736206054688], [901.0393676757812, 532.08251953125], [921.1632690429688, 530.646240234375], [895.2896118164062, 559.372314453125], [936.9749145507812, 556.4996948242188], [879.47802734375, 589.53466796875], [954.2239379882812, 580.9168090820312], [867.9786987304688, 611.0792236328125], [968.5982055664062, 599.5888061523438], [911.101318359375, 626.8785400390625], [941.2871704101562, 624.0059814453125], [905.3515625, 669.9676513671875], [959.9736328125, 668.5313720703125], [906.7890625, 723.11083984375], [982.972412109375, 723.11083984375]]","[[719, 396], [1197, 396], [656, 597], [1262, 597], [524, 978], [1397, 978]]","[[599, 425], [599, 597], [1320, 597], [1320, 425]]","[1044, 30]",None,None
62364,"[[1027.2174072265625, 270.60931396484375], [1031.4521484375, 266.291748046875], [1042.744873046875, 276.3660583496094], [1031.4521484375, 276.3660583496094], [1031.4521484375, 276.3660583496094], [1034.2752685546875, 292.1971130371094], [1027.2174072265625, 289.3187255859375], [1044.156494140625, 290.7579040527344], [1015.9246826171875, 287.8795471191406], [1038.5101318359375, 274.9268798828125], [1041.333251953125, 276.3660583496094], [1027.2174072265625, 341.1294250488281], [1020.1594848632812, 336.8118591308594], [1010.2783203125, 369.91314697265625], [1007.4552001953125, 371.352294921875], [1020.1594848632812, 408.7711486816406], [1014.5131225585938, 405.89276123046875]]","[[919.4442138671875, 533.6558227539062], [925.1625366210938, 532.2214965820312], [930.8806762695312, 533.6558227539062], [909.4373168945312, 539.3929443359375], [930.8806762695312, 537.9586791992188], [903.7190551757812, 566.64453125], [945.1763305664062, 563.7759399414062], [890.85302734375, 598.198974609375], [963.7606201171875, 591.0275268554688], [873.6983032226562, 616.8447875976562], [978.0562744140625, 608.239013671875], [916.5851440429688, 636.9248657226562], [948.0354614257812, 629.75341796875], [906.578125, 672.7821655273438], [973.7675170898438, 681.387939453125], [908.0077514648438, 724.416748046875], [998.070068359375, 730.1538696289062]]","[[719, 396], [1197, 396], [656, 597], [1262, 597], [524, 978], [1397, 978]]","[[599, 425], [599, 597], [1320, 597], [1320, 425]]","[1050, 45]",None,None
62365,"[[1027.1805419921875, 270.63690185546875], [1031.4134521484375, 266.3166809082031], [1042.7012939453125, 276.39715576171875], [1031.4134521484375, 276.39715576171875], [1031.4134521484375, 276.39715576171875], [1034.2353515625, 292.2378845214844], [1027.1805419921875, 289.3577575683594], [1044.1123046875, 290.7978210449219], [1015.8927001953125, 287.9176940917969], [1039.8792724609375, 274.95709228515625], [1041.290283203125, 276.39715576171875], [1028.591552734375, 339.76007080078125], [1020.1256713867188, 336.87994384765625], [1010.248779296875, 370.00146484375], [1007.4268798828125, 371.4415588378906], [1020.1256713867188, 408.8832702636719], [1014.481689453125, 406.00311279296875]]","[[918.1046142578125, 533.6466064453125], [925.24267578125, 532.2118530273438], [930.953125, 533.6466064453125], [909.5389404296875, 539.3856811523438], [930.953125, 537.950927734375], [903.8284912109375, 566.6463623046875], [945.229248046875, 563.77685546875], [890.97998046875, 598.2113647460938], [963.7882080078125, 591.0375366210938], [873.8486328125, 616.8634033203125], [978.0643310546875, 608.2548217773438], [916.677001953125, 636.9502563476562], [948.08447265625, 629.7763671875], [906.6837158203125, 672.819580078125], [973.781494140625, 681.4281616210938], [906.6837158203125, 724.4713745117188], [998.0509643554688, 730.21044921875]]","[[719, 396], [1197, 396], [656, 597], [1262, 597], [524, 978], [1397, 978]]","[[599, 425], [599, 597], [1320, 597], [1320, 425]]","[1052, 45]",None,None
62366,"[[1038.8572998046875, 270.798095703125], [1040.2628173828125, 270.798095703125], [1038.8572998046875, 267.9314880371094], [1043.07373046875, 272.23138427734375], [1040.2628173828125, 270.798095703125], [1044.479248046875, 283.69781494140625], [1031.830078125, 283.69781494140625], [1052.9119873046875, 276.53131103515625], [1054.3175048828125, 275.0980224609375], [1048.6956787109375, 259.3316650390625], [1023.3972778320312, 272.23138427734375], [1034.6409912109375, 330.996826171875], [1023.3972778320312, 326.6968994140625], [1021.9917602539062, 368.2626953125], [1016.369873046875, 368.2626953125], [1037.451904296875, 391.19549560546875], [1019.1807861328125, 396.9287414550781]]","[[924.8036499023438, 536.0922241210938], [919.04248046875, 540.3944702148438], [940.6469116210938, 540.3944702148438], [919.04248046875, 546.130859375], [940.6469116210938, 544.69677734375], [911.8409423828125, 576.2467651367188], [955.0498657226562, 570.5104370117188], [898.8782958984375, 607.7967529296875], [970.8931274414062, 596.3240356445312], [878.7141723632812, 625.005859375], [983.8557739257812, 616.4013061523438], [924.8036499023438, 646.5172119140625], [957.930419921875, 642.2149658203125], [911.8409423828125, 676.6331787109375], [983.8557739257812, 689.5399780273438], [908.9603881835938, 726.8262939453125], [1009.7811279296875, 739.7330932617188]]","[[719, 396], [1197, 396], [656, 597], [1262, 597], [524, 978], [1397, 978]]","[[599, 425], [599, 597], [1320, 597], [1320, 425]]","[1054, 56]",None,None
62367,"[[1046.60498046875, 269.09234619140625], [1052.2633056640625, 264.7909240722656], [1062.1654052734375, 267.6585388183594], [1053.6778564453125, 267.6585388183594], [1057.9217529296875, 267.6585388183594], [1050.8486328125, 276.2613525390625], [1039.531982421875, 274.82757568359375], [1066.4091796875, 273.3937683105469], [1032.4591064453125, 259.05572509765625], [1062.1654052734375, 259.05572509765625], [1063.580078125, 260.4895324707031], [1038.1173095703125, 326.44451904296875], [1025.385986328125, 323.576904296875], [1031.04443359375, 362.28961181640625], [1015.48388671875, 347.9515686035156], [1031.04443359375, 389.5318908691406], [1025.385986328125, 383.7966613769531]]","[[950.4517211914062, 552.1668090820312], [928.9409790039062, 550.7271728515625], [950.4517211914062, 549.28759765625], [930.375, 553.6064453125], [950.4517211914062, 552.1668090820312], [921.770751953125, 579.5196533203125], [964.7921752929688, 578.0800170898438], [911.732421875, 611.1913452148438], [980.5667114257812, 603.9932250976562], [890.2217407226562, 632.7857055664062], [992.0390014648438, 621.2686767578125], [934.6771850585938, 647.181884765625], [964.7921752929688, 644.3026733398438], [918.9027099609375, 675.974365234375], [987.7369384765625, 693.2498779296875], [910.2984008789062, 723.48193359375], [1014.9837646484375, 746.515869140625]]","[[719, 396], [1197, 396], [656, 597], [1262, 597], [524, 978], [1397, 978]]","[[599, 425], [599, 597], [1320, 597], [1320, 425]]","[1059, 69]",None,None
62368,"[[1072.701171875, 263.0129699707031], [1071.288330078125, 260.13494873046875], [1071.288330078125, 260.13494873046875], [1057.160400390625, 255.8179473876953], [1069.8756103515625, 258.6959533691406], [1054.3348388671875, 270.20794677734375], [1064.224365234375, 270.20794677734375], [1059.9859619140625, 298.9879150390625], [1061.398681640625, 298.9879150390625], [1057.160400390625, 355.1089172363281], [1028.904296875, 304.7439270019531], [1044.4451904296875, 322.01190185546875], [1030.3170166015625, 317.6949157714844], [1037.381103515625, 357.9869079589844], [1021.8402709960938, 347.9139099121094], [1058.5731201171875, 355.1089172363281], [1035.96826171875, 379.5718994140625]]","[[944.6564331054688, 555.8260498046875], [954.6702880859375, 551.520263671875], [941.79541015625, 552.95556640625], [938.9342651367188, 558.6966552734375], [958.9619750976562, 555.8260498046875], [931.7815551757812, 584.5314331054688], [973.2675170898438, 580.2256469726562], [921.7677001953125, 614.6719970703125], [989.0034790039062, 608.9309692382812], [897.4483032226562, 637.6362915039062], [1001.8784790039062, 629.0247192382812], [943.2258911132812, 650.5537109375], [973.2675170898438, 647.6832275390625], [924.6287841796875, 680.6943359375], [999.017333984375, 702.2233276367188], [911.7537841796875, 722.3170776367188], [1019.0451049804688, 761.0693359375]]","[[719, 396], [1197, 396], [656, 597], [1262, 597], [524, 978], [1397, 978]]","[[599, 425], [599, 597], [1320, 597], [1320, 425]]","[1063, 84]",None,None
62369,"[[1081.59912109375, 260.600830078125], [1081.59912109375, 256.2945556640625], [1081.59912109375, 257.72998046875], [1064.6651611328125, 253.42372131347656], [1077.36572265625, 256.2945556640625], [1059.0205078125, 263.4717102050781], [1071.720947265625, 269.21337890625], [1081.59912109375, 283.5676574707031], [1081.59912109375, 283.5676574707031], [1075.9544677734375, 269.21337890625], [1080.18798828125, 272.0842590332031], [1036.44189453125, 312.2761535644531], [1051.964599609375, 315.1470031738281], [1035.0306396484375, 348.16180419921875], [1049.142333984375, 346.7263488769531], [1042.0865478515625, 381.1766052246094], [1067.4874267578125, 355.33892822265625]]","[[946.1321411132812, 559.1387939453125], [944.7041015625, 557.7025146484375], [968.981201171875, 556.26611328125], [947.5601806640625, 559.1387939453125], [967.5531616210938, 557.7025146484375], [940.4197998046875, 584.9933471679688], [981.8338012695312, 584.9933471679688], [930.4234008789062, 615.156982421875], [997.5425415039062, 612.2843017578125], [901.862060546875, 638.1387939453125], [1007.5390014648438, 630.95703125], [951.8444213867188, 652.50244140625], [981.8338012695312, 652.50244140625], [928.9953002929688, 681.229736328125], [1004.682861328125, 707.0842895507812], [911.8585205078125, 722.8842163085938], [1018.9635620117188, 764.5387573242188]]","[[719, 396], [1197, 396], [656, 597], [1262, 597], [524, 978], [1397, 978]]","[[599, 425], [599, 597], [1320, 597], [1320, 425]]","[1067, 99]",None,None
62370,"[[1088.314453125, 258.5177001953125], [1088.314453125, 254.22760009765625], [1088.314453125, 255.6576385498047], [1074.1265869140625, 248.50750732421875], [1086.8956298828125, 257.0876770019531], [1062.7762451171875, 258.5177001953125], [1079.8017578125, 267.0978698730469], [1059.9385986328125, 254.22760009765625], [1081.2205810546875, 294.2684020996094], [1071.2889404296875, 248.50750732421875], [1088.314453125, 297.1284484863281], [1055.6822509765625, 309.9986877441406], [1040.0755615234375, 307.1386413574219], [1069.8701171875, 342.88934326171875], [1040.0755615234375, 347.1794128417969], [1041.4942626953125, 384.3601989746094], [1041.4942626953125, 378.6400146484375]]","[[964.1788330078125, 560.0382080078125], [951.2199096679688, 558.6032104492188], [956.9793701171875, 555.733154296875], [954.0996704101562, 560.0382080078125], [975.6979370117188, 558.6032104492188], [946.9002075195312, 585.868408203125], [988.6568603515625, 584.433349609375], [933.9412841796875, 614.5685424804688], [1003.0557250976562, 611.6985473632812], [906.58349609375, 633.2236938476562], [1013.1349487304688, 631.7886962890625], [956.9793701171875, 653.3138427734375], [985.777099609375, 653.3138427734375], [933.9412841796875, 683.4490356445312], [1008.8153076171875, 706.4091796875], [916.6626586914062, 726.4993286132812], [1018.8944702148438, 765.2445678710938]]","[[719, 396], [1197, 396], [656, 597], [1262, 597], [524, 978], [1397, 978]]","[[599, 425], [599, 597], [1320, 597], [1320, 425]]","[1074, 118]",None,None
62371,"[[1088.2564697265625, 258.50384521484375], [1088.2564697265625, 254.21363830566406], [1088.2564697265625, 255.64369201660156], [1074.0560302734375, 248.4933319091797], [1086.83642578125, 257.07379150390625], [1064.1158447265625, 258.50384521484375], [1079.7362060546875, 267.0842590332031], [1059.855712890625, 255.64369201660156], [1081.15625, 294.2556457519531], [1071.216064453125, 248.4933319091797], [1088.2564697265625, 297.11578369140625], [1055.5955810546875, 309.9864196777344], [1039.9752197265625, 307.12628173828125], [1069.7960205078125, 342.8780517578125], [1039.9752197265625, 347.16827392578125], [1041.3951416015625, 384.3501281738281], [1041.3951416015625, 378.62982177734375]]","[[963.4319458007812, 559.9381713867188], [950.5963134765625, 558.501708984375], [956.3010864257812, 557.0652465820312], [953.4486694335938, 561.3746948242188], [976.267578125, 558.501708984375], [946.3176879882812, 585.794921875], [987.6771850585938, 584.3584594726562], [934.9082641601562, 613.0881958007812], [1001.93896484375, 611.6516723632812], [907.8106689453125, 630.3259887695312], [1011.9223022460938, 630.3259887695312], [956.3010864257812, 653.3097534179688], [986.2509765625, 653.3097534179688], [933.4820556640625, 683.4759521484375], [1009.0698852539062, 706.4597778320312], [917.7940063476562, 723.6975708007812], [1019.0531616210938, 765.3556518554688]]","[[719, 396], [1197, 396], [656, 597], [1262, 597], [524, 978], [1397, 978]]","[[599, 425], [599, 597], [1320, 597], [1320, 425]]","[1074, 120]",None,None
62372,"[[1057.144775390625, 247.2578582763672], [1061.398681640625, 244.38626098632812], [1082.6683349609375, 241.51467895507812], [1067.070556640625, 244.38626098632812], [1082.6683349609375, 245.82205200195312], [1084.0863037109375, 265.9232177734375], [1088.3402099609375, 268.7948303222656], [1085.5042724609375, 291.7675476074219], [1058.5626220703125, 240.07887268066406], [1079.832275390625, 300.38232421875], [1092.5941162109375, 297.5107421875], [1067.070556640625, 306.1255187988281], [1048.6368408203125, 306.1255187988281], [1081.250244140625, 343.45623779296875], [1042.9649658203125, 340.5846252441406], [1089.7581787109375, 369.3005676269531], [1042.9649658203125, 380.78692626953125]]","[[969.5996704101562, 562.7832641601562], [975.3532104492188, 557.0203247070312], [962.4076538085938, 557.0203247070312], [958.0924682617188, 559.9017944335938], [981.1068115234375, 558.4610595703125], [950.900390625, 584.3944091796875], [992.6140747070312, 584.3944091796875], [936.5164184570312, 613.209228515625], [1008.4364624023438, 610.3277587890625], [909.186767578125, 630.4981689453125], [1017.06689453125, 631.9389038085938], [959.5308837890625, 652.1092529296875], [991.1756591796875, 652.1092529296875], [936.5164184570312, 686.6870727539062], [1014.1901245117188, 701.0944213867188], [920.6939697265625, 735.6722412109375], [1021.382080078125, 760.1648559570312]]","[[719, 396], [1197, 396], [656, 597], [1262, 597], [524, 978], [1397, 978]]","[[599, 425], [599, 597], [1320, 597], [1320, 425]]","[1076, 133]",None,None
62373,"[[1082.3494873046875, 302.4364013671875], [1102.4451904296875, 256.5655517578125], [1098.1390380859375, 252.26515197753906], [1092.3974609375, 253.69863891601562], [1090.9620361328125, 253.69863891601562], [1082.3494873046875, 256.5655517578125], [1075.1724853515625, 250.8317108154297], [1065.124755859375, 233.630126953125], [1065.124755859375, 233.630126953125], [1092.3974609375, 299.5694885253906], [1067.9954833984375, 214.99510192871094], [1078.04345703125, 311.0372009277344], [1059.383056640625, 305.3033447265625], [1089.5264892578125, 345.4403381347656], [1045.029052734375, 339.70648193359375], [1099.574462890625, 369.8092041015625], [1043.59375, 381.27691650390625]]","[[974.2506103515625, 563.664794921875], [979.9531860351562, 557.9212646484375], [968.5479736328125, 557.9212646484375], [964.2710571289062, 560.7930297851562], [985.65576171875, 559.357177734375], [954.2914428710938, 585.2030639648438], [997.06103515625, 585.2030639648438], [940.0349731445312, 611.0488891601562], [1014.1688232421875, 615.3565673828125], [915.798828125, 628.2794799804688], [1021.297119140625, 636.8948364257812], [962.8453369140625, 652.6895141601562], [994.2097778320312, 652.6895141601562], [940.0349731445312, 687.1506958007812], [1021.297119140625, 695.7659912109375], [922.9270629882812, 740.2783813476562], [1026.999755859375, 756.0731201171875]]","[[719, 396], [1197, 396], [656, 597], [1262, 597], [524, 978], [1397, 978]]","[[599, 425], [599, 597], [1320, 597], [1320, 425]]","[1082, 152]",None,None
62374,"[[1105.9129638671875, 254.42250061035156], [1107.3433837890625, 255.85458374023438], [1103.05224609375, 252.99041748046875], [1095.900146484375, 260.15087890625], [1110.204345703125, 265.8792419433594], [1085.88720703125, 261.58294677734375], [1105.9129638671875, 290.224853515625], [1071.5831298828125, 235.80526733398438], [1095.900146484375, 308.84210205078125], [1071.5831298828125, 227.21270751953125], [1070.1527099609375, 220.05224609375], [1067.2918701171875, 313.13836669921875], [1087.317626953125, 316.0025634765625], [1097.33056640625, 347.5086364746094], [1097.33056640625, 347.5086364746094], [1108.77392578125, 370.4221496582031], [1042.974853515625, 379.01470947265625]]","[[980.3135986328125, 560.1563720703125], [986.0445556640625, 555.8345336914062], [976.015380859375, 555.8345336914062], [968.8517456054688, 561.5969848632812], [991.7754516601562, 561.5969848632812], [958.8225708007812, 587.528076171875], [1001.8046875, 587.528076171875], [938.7642822265625, 613.4591674804688], [1016.1320190429688, 617.7810668945312], [914.40771484375, 636.5090942382812], [1024.7283935546875, 639.3903198242188], [964.5535278320312, 655.2371215820312], [996.0736694335938, 655.2371215820312], [940.1969604492188, 691.2525634765625], [1026.1611328125, 695.5744018554688], [921.5714721679688, 748.877197265625], [1034.757568359375, 757.52099609375]]","[[719, 396], [1197, 396], [656, 597], [1262, 597], [524, 978], [1397, 978]]","[[599, 425], [599, 597], [1320, 597], [1320, 425]]","[1075, 201]",top,smash
62375,"[[1110.603515625, 257.6546936035156], [1112.024658203125, 256.21685791015625], [1109.1822509765625, 256.21685791015625], [1113.44580078125, 267.71929931640625], [1112.024658203125, 269.1571350097656], [1107.7611083984375, 282.0973815917969], [1107.7611083984375, 283.5351867675781], [1097.8128662109375, 264.84368896484375], [1075.0740966796875, 254.77906799316406], [1085.0223388671875, 261.96807861328125], [1070.810546875, 282.0973815917969], [1090.70703125, 316.604736328125], [1072.2318115234375, 312.2912902832031], [1103.49755859375, 348.2364807128906], [1052.3353271484375, 339.6096496582031], [1119.130615234375, 368.3657531738281], [1042.386962890625, 374.1169738769531]]","[[991.2415161132812, 566.1968994140625], [991.2415161132812, 561.894775390625], [982.6236572265625, 560.4607543945312], [974.0059814453125, 566.1968994140625], [994.1141357421875, 566.1968994140625], [963.951904296875, 592.0099487304688], [1005.6044921875, 592.0099487304688], [940.97119140625, 617.8229370117188], [1021.4036865234375, 622.1250610351562], [917.9904174804688, 642.2018432617188], [1030.0213623046875, 645.0700073242188], [968.2608032226562, 659.4105224609375], [1001.2955322265625, 659.4105224609375], [940.97119140625, 698.1300048828125], [1032.89404296875, 699.5640258789062], [917.9904174804688, 756.92626953125], [1047.2569580078125, 758.3602294921875]]","[[719, 396], [1197, 396], [656, 597], [1262, 597], [524, 978], [1397, 978]]","[[599, 425], [599, 597], [1320, 597], [1320, 425]]","[1069, 251]",None,None
62376,"[[1107.261474609375, 284.9542541503906], [1112.9547119140625, 282.09393310546875], [1105.8382568359375, 279.233642578125], [1118.64794921875, 277.8034973144531], [1101.5682373046875, 273.5130615234375], [1117.224609375, 290.6748352050781], [1088.758544921875, 277.8034973144531], [1075.9488525390625, 273.5130615234375], [1075.9488525390625, 274.9432067871094], [1122.917724609375, 323.5682678222656], [1100.14501953125, 270.6527404785156], [1098.7216796875, 323.5682678222656], [1080.21875, 317.8476867675781], [1111.5313720703125, 350.7410888671875], [1056.0225830078125, 336.4396057128906], [1128.6109619140625, 369.3330383300781], [1044.63623046875, 370.76318359375]]","[[981.4310302734375, 570.9422607421875], [975.674072265625, 569.5087280273438], [981.4310302734375, 566.6416015625], [978.5526123046875, 572.3758544921875], [998.70166015625, 572.3758544921875], [965.599609375, 598.1800537109375], [1010.2155151367188, 598.1800537109375], [944.01123046875, 628.2850341796875], [1024.607666015625, 629.7186279296875], [920.983642578125, 654.0892333984375], [1033.2430419921875, 654.0892333984375], [972.795654296875, 665.5578002929688], [1004.4586181640625, 665.5578002929688], [939.693603515625, 705.69775390625], [1037.5606689453125, 705.69775390625], [915.226806640625, 761.60693359375], [1062.0274658203125, 758.73974609375]]","[[719, 396], [1197, 396], [656, 597], [1262, 597], [524, 978], [1397, 978]]","[[599, 425], [599, 597], [1320, 597], [1320, 425]]","[1062, 300]",None,None
62377,"[[1107.308837890625, 284.9650573730469], [1113.00390625, 282.10540771484375], [1105.885009765625, 279.2457580566406], [1118.698974609375, 277.8159484863281], [1101.61376953125, 273.5264587402344], [1117.2752685546875, 290.684326171875], [1088.7998046875, 277.8159484863281], [1075.98583984375, 273.5264587402344], [1075.98583984375, 274.9562683105469], [1122.9703369140625, 323.57025146484375], [1120.122802734375, 322.14044189453125], [1098.7662353515625, 323.57025146484375], [1080.2572021484375, 317.8509521484375], [1111.580078125, 350.73687744140625], [1056.05322265625, 336.43865966796875], [1128.6654052734375, 369.3245544433594], [1044.6629638671875, 370.7543640136719]]","[[980.6981201171875, 570.9429321289062], [976.4104614257812, 569.510009765625], [982.1273193359375, 566.6441040039062], [977.8396606445312, 572.3758544921875], [999.27783203125, 572.3758544921875], [966.406005859375, 598.1689453125], [1010.7114868164062, 599.6018676757812], [943.5386352539062, 628.2609252929688], [1025.003662109375, 629.69384765625], [920.671142578125, 654.053955078125], [1033.5789794921875, 654.053955078125], [972.122802734375, 665.517578125], [1004.9946899414062, 665.517578125], [940.6801147460938, 705.64013671875], [1037.8665771484375, 705.64013671875], [914.954345703125, 761.5252075195312], [1062.1630859375, 758.6593017578125]]","[[719, 396], [1197, 396], [656, 597], [1262, 597], [524, 978], [1397, 978]]","[[599, 425], [599, 597], [1320, 597], [1320, 425]]","[1056, 350]",None,None
62378,"[[1117.8271484375, 276.5030517578125], [1119.25927734375, 273.62860107421875], [1113.5308837890625, 272.19140625], [1123.5556640625, 277.94024658203125], [1107.802490234375, 275.0658264160156], [1126.4197998046875, 293.74957275390625], [1097.7777099609375, 285.1263122558594], [1135.012451171875, 312.433349609375], [1077.728271484375, 289.43792724609375], [1136.444580078125, 321.0566101074219], [1084.888916015625, 316.7449951171875], [1103.5062255859375, 331.1170959472656], [1086.321044921875, 322.49383544921875], [1117.8271484375, 358.4241027832031], [1060.5430908203125, 336.8659362792969], [1137.8765869140625, 374.23345947265625], [1044.7899169921875, 365.61016845703125]]","[[992.5274658203125, 574.5794067382812], [999.7217407226562, 573.1404418945312], [988.2108154296875, 573.1404418945312], [981.0164794921875, 580.3350830078125], [1004.0383911132812, 580.3350830078125], [970.9443969726562, 606.2359619140625], [1014.1104736328125, 607.6748657226562], [950.80029296875, 635.0146484375], [1029.93798828125, 637.8925170898438], [930.6561889648438, 663.7933349609375], [1041.4488525390625, 668.1101684570312], [975.260986328125, 676.7437744140625], [1009.7938842773438, 676.7437744140625], [939.2893676757812, 712.7171020507812], [1045.7655029296875, 712.7171020507812], [913.3897705078125, 767.3966674804688], [1077.4205322265625, 767.3966674804688]]","[[719, 396], [1197, 396], [656, 597], [1262, 597], [524, 978], [1397, 978]]","[[599, 425], [599, 597], [1320, 597], [1320, 425]]","[1049, 399]",None,None
62379,"[[1124.4986572265625, 288.5396423339844], [1124.4986572265625, 284.2377624511719], [1123.067626953125, 282.8038330078125], [1125.9298095703125, 287.1056823730469], [1114.481201171875, 281.369873046875], [1124.4986572265625, 305.7470703125], [1101.6016845703125, 287.1056823730469], [1150.2579345703125, 317.21868896484375], [1082.997802734375, 312.91680908203125], [1137.3782958984375, 318.65264892578125], [1091.584228515625, 331.5581970214844], [1110.1881103515625, 335.86004638671875], [1088.7220458984375, 331.5581970214844], [1123.067626953125, 360.23724365234375], [1068.6871337890625, 340.16192626953125], [1141.6715087890625, 381.74652099609375], [1048.6522216796875, 363.10516357421875]]","[[990.269287109375, 588.4114990234375], [1003.195556640625, 585.529296875], [1010.3768920898438, 586.9703979492188], [984.5242309570312, 588.4114990234375], [1008.940673828125, 589.8526611328125], [974.4703979492188, 615.79296875], [1017.5582275390625, 617.234130859375], [954.36279296875, 646.0567016601562], [1036.2294921875, 651.8212280273438], [937.127685546875, 677.7615356445312], [1044.8470458984375, 677.7615356445312], [978.7791748046875, 686.4082641601562], [1013.2494506835938, 686.4082641601562], [942.8727416992188, 718.1130981445312], [1052.0284423828125, 725.3187866210938], [912.7112426757812, 774.317138671875], [1090.807373046875, 774.317138671875]]","[[719, 396], [1197, 396], [656, 597], [1262, 597], [524, 978], [1397, 978]]","[[599, 425], [599, 597], [1320, 597], [1320, 425]]","[1043, 449]",None,None
62380,"[[1120.784423828125, 298.0249328613281], [1126.49853515625, 295.148193359375], [1119.3558349609375, 293.7098388671875], [1129.3555908203125, 298.0249328613281], [1116.498779296875, 295.148193359375], [1130.7840576171875, 312.4087219238281], [1102.21337890625, 315.28546142578125], [1155.0692138671875, 316.7238464355469], [1092.213623046875, 331.1076354980469], [1153.640625, 315.28546142578125], [1052.2147216796875, 362.7519226074219], [1119.3558349609375, 345.49139404296875], [1099.3564453125, 339.7378845214844], [1132.212646484375, 367.0670471191406], [1077.9283447265625, 344.05303955078125], [1145.0694580078125, 385.76593017578125], [1052.2147216796875, 364.1903076171875]]","[[988.6812133789062, 598.0679321289062], [995.8448486328125, 593.7581787109375], [988.6812133789062, 595.19482421875], [987.2484741210938, 598.0679321289062], [1008.7394409179688, 598.0679321289062], [977.2193603515625, 625.3630981445312], [1020.2012329101562, 626.7996826171875], [957.1611328125, 661.2777709960938], [1038.8267822265625, 661.2777709960938], [945.6993408203125, 687.1363525390625], [1047.423095703125, 684.26318359375], [981.517578125, 695.755859375], [1014.4702758789062, 692.8826904296875], [941.401123046875, 723.051025390625], [1051.7213134765625, 731.6705322265625], [912.7465209960938, 774.7681274414062], [1088.9722900390625, 779.077880859375]]","[[719, 396], [1197, 396], [656, 597], [1262, 597], [524, 978], [1397, 978]]","[[599, 425], [599, 597], [1320, 597], [1320, 425]]","[1037, 499]",None,None
62381,"[[1123.2762451171875, 307.23162841796875], [1126.130859375, 304.38336181640625], [1120.421875, 304.38336181640625], [1130.4124755859375, 307.23162841796875], [1114.712890625, 307.23162841796875], [1133.2669677734375, 320.0487365722656], [1103.2950439453125, 320.0487365722656], [1151.8209228515625, 322.89697265625], [1077.6048583984375, 354.2277526855469], [1161.8116455078125, 328.593505859375], [1059.05078125, 371.3172302246094], [1126.130859375, 351.3795166015625], [1106.1495361328125, 344.2588806152344], [1130.4124755859375, 364.1966552734375], [1090.449951171875, 349.9553527832031], [1148.966552734375, 391.2550048828125], [1060.47802734375, 371.3172302246094]]","[[988.6672973632812, 607.091796875], [1001.5703125, 602.7864379882812], [1008.7385864257812, 599.9161987304688], [985.800048828125, 604.2215576171875], [1008.7385864257812, 604.2215576171875], [975.764404296875, 630.0537109375], [1020.2078857421875, 630.0537109375], [961.4277954101562, 664.4965209960938], [1037.4117431640625, 665.931640625], [945.6575927734375, 703.2447509765625], [1048.881103515625, 700.37451171875], [980.0654296875, 696.0692138671875], [1013.0396118164062, 698.9393920898438], [941.3565063476562, 723.33642578125], [1053.18212890625, 734.8173828125], [914.1170043945312, 775.000732421875], [1091.890869140625, 780.7412109375]]","[[719, 396], [1197, 396], [656, 597], [1262, 597], [524, 978], [1397, 978]]","[[599, 425], [599, 597], [1320, 597], [1320, 425]]","[1033, 538]",None,None
62382,"[[1126.290771484375, 315.2159729003906], [1127.7119140625, 312.3619384765625], [1122.027587890625, 312.3619384765625], [1131.97509765625, 315.2159729003906], [1117.7642822265625, 312.3619384765625], [1133.396240234375, 325.2051086425781], [1106.3956298828125, 325.2051086425781], [1153.29150390625, 328.05914306640625], [1100.7113037109375, 340.90228271484375], [1164.66015625, 343.7563171386719], [1068.0262451171875, 385.1398620605469], [1124.8697509765625, 353.7454528808594], [1104.9744873046875, 349.46441650390625], [1137.6595458984375, 370.8696594238281], [1092.184814453125, 355.1724853515625], [1147.607177734375, 389.4208984375], [1069.4473876953125, 385.1398620605469]]","[[1006.2879638671875, 606.56298828125], [1003.4090576171875, 602.2448120117188], [1009.1670532226562, 602.2448120117188], [981.8167114257812, 602.2448120117188], [1006.2879638671875, 602.2448120117188], [970.30078125, 628.1536865234375], [1013.4854736328125, 628.1536865234375], [957.3453979492188, 664.1382446289062], [1030.7593994140625, 662.6989135742188], [944.3899536132812, 698.6834716796875], [1042.2752685546875, 694.3652954101562], [974.6192626953125, 697.2440795898438], [1006.2879638671875, 698.6834716796875], [937.1924438476562, 723.1529541015625], [1049.47265625, 734.6680297851562], [911.2816162109375, 774.970703125], [1089.7784423828125, 779.2888793945312]]","[[719, 396], [1197, 396], [656, 597], [1262, 597], [524, 978], [1397, 978]]","[[599, 425], [599, 597], [1320, 597], [1320, 425]]","[1029, 574]",None,None
62383,"[[1125.6126708984375, 315.1483154296875], [1128.483154296875, 312.29388427734375], [1122.7420654296875, 312.29388427734375], [1132.7890625, 315.1483154296875], [1118.436279296875, 312.29388427734375], [1132.7890625, 325.1387634277344], [1106.9539794921875, 325.1387634277344], [1152.8829345703125, 327.9931945800781], [1101.212890625, 340.8381042480469], [1164.365234375, 343.6925354003906], [1068.201416015625, 385.0816650390625], [1124.1773681640625, 353.6830139160156], [1105.5186767578125, 349.4013671875], [1137.094970703125, 369.38232421875], [1091.1658935546875, 355.1101989746094], [1148.5771484375, 389.3633117675781], [1069.63671875, 385.0816650390625]]","[[1006.2697143554688, 606.4890747070312], [1003.3900146484375, 602.1690063476562], [1009.1493530273438, 602.1690063476562], [981.79248046875, 602.1690063476562], [1006.2697143554688, 602.1690063476562], [970.2738037109375, 628.0895385742188], [1013.4688720703125, 628.0895385742188], [957.3153076171875, 664.09033203125], [1030.7469482421875, 662.6503295898438], [944.3567504882812, 698.651123046875], [1042.265625, 694.3310546875], [974.5933227539062, 697.2111206054688], [1006.2697143554688, 698.651123046875], [937.1575927734375, 723.1316528320312], [1049.4647216796875, 734.65185546875], [911.2406005859375, 774.9728393554688], [1089.7801513671875, 779.2928466796875]]","[[719, 396], [1197, 396], [656, 597], [1262, 597], [524, 978], [1397, 978]]","[[599, 425], [599, 597], [1320, 597], [1320, 425]]","[1029, 572]",None,None
62384,"[[1124.3372802734375, 319.7339172363281], [1127.185791015625, 316.8552551269531], [1121.4888916015625, 315.4158935546875], [1132.8824462890625, 318.2945861816406], [1117.2164306640625, 316.8552551269531], [1138.5792236328125, 331.2486572265625], [1107.2470703125, 326.9306335449219], [1151.39697265625, 342.76336669921875], [1097.2777099609375, 338.4453430175781], [1152.8211669921875, 361.4748229980469], [1098.701904296875, 357.15679931640625], [1124.3372802734375, 355.71746826171875], [1104.398681640625, 351.3994445800781], [1137.155029296875, 371.5502014160156], [1085.88427734375, 368.6715393066406], [1148.548583984375, 390.26165771484375], [1075.9149169921875, 400.3370361328125]]","[[1003.4735717773438, 605.2728881835938], [1000.6021728515625, 600.9512329101562], [1003.4735717773438, 600.9512329101562], [980.5020141601562, 599.5106811523438], [1002.037841796875, 599.5106811523438], [958.966064453125, 623.9998779296875], [1007.78076171875, 623.9998779296875], [946.0445556640625, 661.4539794921875], [1025.0093994140625, 660.013427734375], [935.9945068359375, 694.58642578125], [1030.75244140625, 688.82421875], [966.1447143554688, 694.58642578125], [1000.6021728515625, 696.0269165039062], [933.1229858398438, 721.9566650390625], [1037.9310302734375, 732.04052734375], [910.1514282226562, 775.2567138671875], [1082.4384765625, 775.2567138671875]]","[[719, 396], [1197, 396], [656, 597], [1262, 597], [524, 978], [1397, 978]]","[[599, 425], [599, 597], [1320, 597], [1320, 425]]","[1021, 567]",None,None
62385,"[[1121.766845703125, 319.5490417480469], [1126.052001953125, 318.1133728027344], [1120.33837890625, 318.1133728027344], [1130.3372802734375, 319.5490417480469], [1116.0531005859375, 318.1133728027344], [1136.051025390625, 332.4698486328125], [1100.3404541015625, 328.16290283203125], [1141.7647705078125, 345.39068603515625], [1093.1982421875, 336.77679443359375], [1147.4783935546875, 385.5887756347656], [1096.0550537109375, 352.56890869140625], [1124.6236572265625, 355.440185546875], [1103.197265625, 352.56890869140625], [1136.051025390625, 371.2322998046875], [1086.05615234375, 371.2322998046875], [1147.4783935546875, 388.4600830078125], [1073.2003173828125, 399.94525146484375]]","[[1001.2630615234375, 603.4237060546875], [998.388427734375, 597.658203125], [1001.2630615234375, 599.0995483398438], [976.8284912109375, 594.7754516601562], [998.388427734375, 596.216796875], [956.705810546875, 616.3960571289062], [1001.2630615234375, 616.3960571289062], [938.0205078125, 653.8718872070312], [1017.07373046875, 649.5477294921875], [927.9591674804688, 687.0234985351562], [1019.9483642578125, 679.816650390625], [958.1431884765625, 688.4649047851562], [991.2017211914062, 688.4649047851562], [932.2711791992188, 721.6165771484375], [1030.009765625, 733.1475830078125], [909.2738647460938, 773.506103515625], [1068.817626953125, 777.8302612304688]]","[[719, 396], [1197, 396], [656, 597], [1262, 597], [524, 978], [1397, 978]]","[[599, 425], [599, 597], [1320, 597], [1320, 425]]","[1013, 562]",None,None
62386,"[[1090.0323486328125, 342.5301208496094], [1123.1298828125, 319.6067810058594], [1117.373779296875, 319.6067810058594], [1126.0079345703125, 321.03948974609375], [1111.6177978515625, 319.6067810058594], [1133.203125, 332.50115966796875], [1092.9105224609375, 329.6357727050781], [1136.0810546875, 348.2609558105469], [1088.5933837890625, 333.9338684082031], [1144.7152099609375, 384.0786437988281], [1074.203125, 396.9730529785156], [1123.1298828125, 358.2898864746094], [1100.10546875, 353.9917907714844], [1134.64208984375, 372.6169738769531], [1084.2763671875, 369.7515869140625], [1144.7152099609375, 385.5113830566406], [1074.203125, 396.9730529785156]]","[[999.5136108398438, 601.1558227539062], [996.6492309570312, 595.402099609375], [998.0814208984375, 595.402099609375], [973.73388671875, 592.5252685546875], [995.2169799804688, 595.402099609375], [950.8184814453125, 611.224853515625], [996.6492309570312, 611.224853515625], [932.19970703125, 644.3087768554688], [1010.9713745117188, 645.7472534179688], [919.3098754882812, 677.3927612304688], [1009.5390625, 673.077392578125], [952.250732421875, 684.5848999023438], [983.7593383789062, 680.2695922851562], [930.767578125, 721.984130859375], [1019.5645751953125, 729.17626953125], [909.284423828125, 775.2060546875], [1051.0732421875, 779.5214233398438]]","[[719, 396], [1197, 396], [656, 597], [1262, 597], [524, 978], [1397, 978]]","[[599, 425], [599, 597], [1320, 597], [1320, 425]]","[1005, 557]",None,None
62387,"[[1107.187255859375, 321.1407470703125], [1111.437744140625, 318.28997802734375], [1104.353759765625, 318.28997802734375], [1117.1048583984375, 319.71533203125], [1101.52001953125, 319.71533203125], [1125.6058349609375, 332.5438232421875], [1095.852783203125, 326.84228515625], [1128.4393310546875, 351.0738830566406], [1080.2679443359375, 326.84228515625], [1142.607421875, 381.0069885253906], [1078.8511962890625, 355.35003662109375], [1118.521728515625, 358.2008056640625], [1098.6864013671875, 356.7754211425781], [1131.27294921875, 372.4546813964844], [1083.1016845703125, 366.7531433105469], [1145.4410400390625, 386.70855712890625], [1078.8511962890625, 396.686279296875]]","[[996.1309814453125, 598.1348266601562], [993.262939453125, 590.943603515625], [994.6969604492188, 592.3818359375], [971.7520751953125, 588.067138671875], [993.262939453125, 590.943603515625], [950.2412719726562, 606.7642822265625], [993.262939453125, 605.3260498046875], [930.1644897460938, 639.8439331054688], [1006.1693725585938, 648.4734497070312], [910.0877075195312, 674.36181640625], [1003.3013305664062, 652.7881469726562], [948.8071899414062, 678.6765747070312], [978.92236328125, 678.6765747070312], [928.73046875, 721.8239135742188], [1013.3397216796875, 727.576904296875], [908.6536865234375, 773.6007690429688], [1036.2845458984375, 785.106689453125]]","[[719, 396], [1197, 396], [656, 597], [1262, 597], [524, 978], [1397, 978]]","[[599, 425], [599, 597], [1320, 597], [1320, 425]]","[998, 552]",bottom,defensive shot
62388,"[[1089.658935546875, 302.6800842285156], [1092.5074462890625, 301.2519226074219], [1089.658935546875, 301.2519226074219], [1098.2047119140625, 301.2519226074219], [1091.083251953125, 314.10546875], [1111.0235595703125, 326.958984375], [1083.961669921875, 325.53082275390625], [1123.8424072265625, 346.9533996582031], [1073.991455078125, 348.3815612792969], [1111.0235595703125, 361.235107421875], [1075.415771484375, 355.5224304199219], [1115.2965087890625, 358.3787536621094], [1093.931884765625, 358.3787536621094], [1128.115234375, 372.66046142578125], [1079.688720703125, 366.9477844238281], [1143.78271484375, 384.0858154296875], [1081.113037109375, 401.223876953125]]","[[991.2807006835938, 591.6529541015625], [991.2807006835938, 587.3526611328125], [991.2807006835938, 588.7860717773438], [969.6852416992188, 583.0523071289062], [989.8409423828125, 587.3526611328125], [948.0897827148438, 601.6870727539062], [988.4013061523438, 604.553955078125], [925.0545654296875, 636.0897216796875], [997.0394897460938, 647.5572509765625], [904.8988037109375, 661.8916625976562], [974.0042724609375, 631.7894287109375], [943.7706298828125, 679.093017578125], [974.0042724609375, 676.2261352539062], [925.0545654296875, 720.6629028320312], [1007.1173706054688, 724.9631958007812], [907.7782592773438, 770.8333740234375], [1018.6349487304688, 790.9015502929688]]","[[719, 396], [1197, 396], [656, 597], [1262, 597], [524, 978], [1397, 978]]","[[599, 425], [599, 597], [1320, 597], [1320, 425]]","[990, 547]",None,None
62389,"[[1099.7078857421875, 318.04132080078125], [1092.518310546875, 300.78558349609375], [1089.6424560546875, 300.78558349609375], [1098.27001953125, 302.2235412597656], [1091.0804443359375, 313.7273864746094], [1111.211181640625, 326.6692199707031], [1083.890869140625, 325.2312316894531], [1124.15234375, 346.8009338378906], [1073.8255615234375, 348.2388916015625], [1112.6490478515625, 361.18072509765625], [1075.263427734375, 355.4288024902344], [1115.52490234375, 358.30474853515625], [1093.9561767578125, 358.30474853515625], [1128.466064453125, 372.6845397949219], [1079.5771484375, 366.9326477050781], [1142.84521484375, 384.1883850097656], [1081.0150146484375, 401.4441223144531]]","[[991.8070068359375, 591.619384765625], [991.8070068359375, 587.3182373046875], [991.8070068359375, 588.7518920898438], [968.9857788085938, 583.0170288085938], [988.9544677734375, 587.3182373046875], [949.0172119140625, 601.6554565429688], [988.9544677734375, 604.5228881835938], [926.1959838867188, 634.631103515625], [997.5123901367188, 647.53466796875], [904.8010864257812, 661.8719482421875], [976.117431640625, 627.4624633789062], [944.73828125, 674.7754516601562], [974.691162109375, 679.0765991210938], [924.7697143554688, 722.0883178710938], [1007.4967041015625, 724.9557495117188], [907.6537475585938, 770.8350219726562], [1018.9073486328125, 790.9071655273438]]","[[719, 396], [1197, 396], [656, 597], [1262, 597], [524, 978], [1397, 978]]","[[599, 425], [599, 597], [1320, 597], [1320, 425]]","[982, 542]",None,None
62390,"[[1089.31103515625, 320.8619689941406], [1093.598876953125, 316.5716552734375], [1086.4522705078125, 316.5716552734375], [1097.886962890625, 315.14154052734375], [1083.5936279296875, 316.5716552734375], [1105.0335693359375, 329.44256591796875], [1079.3057861328125, 326.5823974609375], [1119.3267822265625, 348.0339660644531], [1066.44189453125, 332.30279541015625], [1110.7508544921875, 373.77581787109375], [1063.5831298828125, 349.46405029296875], [1110.7508544921875, 358.044677734375], [1090.740234375, 358.044677734375], [1126.473388671875, 372.3457336425781], [1073.58837890625, 378.0661315917969], [1139.3372802734375, 386.6467590332031], [1083.5936279296875, 403.8080139160156]]","[[986.4966430664062, 588.5247802734375], [983.623046875, 581.3348999023438], [989.3702392578125, 582.7728271484375], [966.381591796875, 578.4589233398438], [987.9334106445312, 582.7728271484375], [946.2664794921875, 600.0286254882812], [989.3702392578125, 608.656494140625], [918.9674072265625, 630.2262573242188], [992.243896484375, 640.2921142578125], [894.5419311523438, 656.1099243164062], [972.1287841796875, 627.3502807617188], [939.08251953125, 674.8037109375], [970.69189453125, 676.24169921875], [921.8410034179688, 719.381103515625], [1003.7381591796875, 728.009033203125], [906.0363159179688, 772.5864868164062], [1002.3013916015625, 795.5941162109375]]","[[719, 396], [1197, 396], [656, 597], [1262, 597], [524, 978], [1397, 978]]","[[599, 425], [599, 597], [1320, 597], [1320, 425]]","[974, 537]",None,None
62391,"[[1076.12353515625, 320.2352294921875], [1080.4273681640625, 317.352294921875], [1074.6888427734375, 317.352294921875], [1086.166015625, 317.352294921875], [1071.819580078125, 317.352294921875], [1096.2086181640625, 330.325439453125], [1070.385009765625, 327.4425354003906], [1114.85888671875, 349.064453125], [1057.47314453125, 340.4156799316406], [1119.1629638671875, 370.68634033203125], [1054.603759765625, 360.59613037109375], [1107.685791015625, 357.71319580078125], [1086.166015625, 357.71319580078125], [1117.7281494140625, 377.8936767578125], [1070.385009765625, 377.8936767578125], [1129.205322265625, 379.3351135253906], [1081.8621826171875, 402.3984680175781]]","[[971.2283325195312, 583.1483764648438], [965.5173950195312, 573.0838623046875], [968.3728637695312, 578.8350219726562], [965.5173950195312, 574.5216674804688], [986.9336547851562, 580.2727661132812], [944.10107421875, 598.9639892578125], [988.3614501953125, 610.4662475585938], [914.1182250976562, 624.8441162109375], [991.2169799804688, 632.0330200195312], [889.846435546875, 646.410888671875], [889.846435546875, 646.410888671875], [935.5345458984375, 678.0421752929688], [968.3728637695312, 680.917724609375], [919.8292846679688, 719.7379150390625], [995.500244140625, 729.8024291992188], [905.5517578125, 774.3737182617188], [986.9336547851562, 793.06494140625]]","[[719, 396], [1197, 396], [656, 597], [1262, 597], [524, 978], [1397, 978]]","[[599, 425], [599, 597], [1320, 597], [1320, 425]]","[967, 532]",None,None
62392,"[[1081.5162353515625, 305.4446105957031], [1081.5162353515625, 305.4446105957031], [1080.0838623046875, 305.4446105957031], [1067.1923828125, 305.4446105957031], [1074.3543701171875, 305.4446105957031], [1075.7867431640625, 326.9099426269531], [1062.8951416015625, 331.2030029296875], [1110.1640625, 344.08221435546875], [1054.3009033203125, 346.9442443847656], [1123.0555419921875, 362.68548583984375], [1047.138916015625, 366.9785461425781], [1107.2991943359375, 359.82342529296875], [1085.8133544921875, 356.9613952636719], [1117.325927734375, 385.5818176269531], [1070.05712890625, 378.4267272949219], [1128.7850341796875, 366.9785461425781], [1081.5162353515625, 404.18511962890625]]","[[972.254150390625, 580.4271850585938], [962.2160034179688, 570.36962890625], [967.9520263671875, 577.5535888671875], [963.6500244140625, 574.6799926757812], [985.16015625, 578.9903564453125], [942.1399536132812, 597.6686401367188], [986.5941772460938, 609.1629638671875], [909.1577758789062, 619.2205200195312], [972.254150390625, 643.64599609375], [879.0436401367188, 635.0252685546875], [883.3456420898438, 632.1516723632812], [933.5359497070312, 678.1290283203125], [965.0840454101562, 681.0026245117188], [917.7618408203125, 721.2327880859375], [986.5941772460938, 729.8535766601562], [906.289794921875, 774.3941040039062], [975.1220703125, 794.5091552734375]]","[[719, 396], [1197, 396], [656, 597], [1262, 597], [524, 978], [1397, 978]]","[[599, 425], [599, 597], [1320, 597], [1320, 425]]","[949, 499]",None,None
62393,"[[1055.39306640625, 326.8941345214844], [1059.66796875, 324.0465393066406], [1055.39306640625, 324.0465393066406], [1068.218017578125, 325.4703369140625], [1055.39306640625, 326.8941345214844], [1078.1929931640625, 334.0130920410156], [1055.39306640625, 336.8606872558594], [1103.8428955078125, 338.28448486328125], [1048.26806640625, 353.9461975097656], [1119.5179443359375, 341.1320495605469], [1042.5679931640625, 373.87933349609375], [1102.41796875, 363.91278076171875], [1082.468017578125, 362.4889831542969], [1108.117919921875, 392.3886413574219], [1066.7930908203125, 380.998291015625], [1109.54296875, 383.84588623046875], [1082.468017578125, 403.7789611816406]]","[[960.2514038085938, 568.3453979492188], [958.8259887695312, 568.3453979492188], [961.6768188476562, 568.3453979492188], [958.8259887695312, 575.521484375], [983.0579833984375, 578.3919067382812], [943.1465454101562, 597.0497436523438], [988.7596435546875, 612.8372192382812], [906.0858154296875, 617.142822265625], [974.5055541992188, 644.4119873046875], [873.3013916015625, 627.1893310546875], [873.3013916015625, 627.1893310546875], [931.7432250976562, 670.2459716796875], [961.6768188476562, 675.98681640625], [917.4890747070312, 720.4786376953125], [974.5055541992188, 733.3956298828125], [906.0858154296875, 775.0170288085938], [965.9530639648438, 796.5452270507812]]","[[719, 396], [1197, 396], [656, 597], [1262, 597], [524, 978], [1397, 978]]","[[599, 425], [599, 597], [1320, 597], [1320, 425]]","[939, 474]",None,None
62394,"[[1053.359619140625, 329.2180480957031], [1056.2076416015625, 326.37261962890625], [1051.9356689453125, 326.37261962890625], [1064.7518310546875, 326.37261962890625], [1050.5115966796875, 327.79534912109375], [1073.2958984375, 334.9089050292969], [1053.359619140625, 337.75433349609375], [1087.5360107421875, 336.3316345214844], [1043.3916015625, 356.2496032714844], [1067.599853515625, 330.6407775878906], [1036.271484375, 380.43572998046875], [1094.6561279296875, 367.6313171386719], [1076.1439208984375, 364.785888671875], [1093.2320556640625, 388.9720153808594], [1066.17578125, 387.5492858886719], [1098.9281005859375, 401.77642822265625], [1083.2640380859375, 401.77642822265625]]","[[965.4503784179688, 574.0985717773438], [956.8515625, 572.6591186523438], [959.7177734375, 572.6591186523438], [956.8515625, 579.8561401367188], [981.2147827148438, 582.7349243164062], [939.6539916992188, 601.4469604492188], [986.9473266601562, 615.8408813476562], [900.95947265625, 620.1590576171875], [974.0491333007812, 648.9468383789062], [866.5642700195312, 625.9165649414062], [867.9974365234375, 625.9165649414062], [929.6220703125, 674.8558959960938], [959.7177734375, 682.0528564453125], [916.723876953125, 722.3557739257812], [965.4503784179688, 743.9466552734375], [905.2588500976562, 774.1738891601562], [959.7177734375, 807.2798461914062]]","[[719, 396], [1197, 396], [656, 597], [1262, 597], [524, 978], [1397, 978]]","[[599, 425], [599, 597], [1320, 597], [1320, 425]]","[930, 459]",None,None
62395,"[[1053.3558349609375, 329.1798400878906], [1056.2039794921875, 326.3306579589844], [1051.931640625, 326.3306579589844], [1064.74853515625, 326.3306579589844], [1050.507568359375, 327.7552795410156], [1073.2930908203125, 334.8782653808594], [1053.3558349609375, 337.7274475097656], [1087.5340576171875, 336.3028564453125], [1043.3870849609375, 356.2472229003906], [1067.5968017578125, 330.6044616699219], [1036.2666015625, 380.4654541015625], [1094.654541015625, 367.64404296875], [1076.141357421875, 364.7948303222656], [1093.23046875, 389.01300048828125], [1066.172607421875, 387.5884094238281], [1098.9268798828125, 401.8343811035156], [1083.2618408203125, 401.8343811035156]]","[[965.4202270507812, 574.0438232421875], [956.82763671875, 572.605224609375], [959.6918334960938, 572.605224609375], [956.82763671875, 579.7984008789062], [981.1734008789062, 582.67578125], [939.6423950195312, 601.378173828125], [986.9017944335938, 615.7645874023438], [900.9756469726562, 620.08056640625], [974.0128784179688, 648.8534545898438], [866.6051635742188, 625.8351440429688], [868.0372314453125, 625.8351440429688], [929.61767578125, 674.7490844726562], [961.1239624023438, 681.9423217773438], [916.728759765625, 722.2244262695312], [965.4202270507812, 743.8040771484375], [905.2719116210938, 775.4544067382812], [959.6918334960938, 807.1045532226562]]","[[719, 396], [1197, 396], [656, 597], [1262, 597], [524, 978], [1397, 978]]","[[599, 425], [599, 597], [1320, 597], [1320, 425]]","[930, 455]",None,None
62396,"[[1049.4866943359375, 332.23779296875], [1052.342529296875, 327.920166015625], [1048.0587158203125, 329.3593444824219], [1059.482177734375, 326.4809265136719], [1046.630859375, 329.3593444824219], [1079.4730224609375, 329.3593444824219], [1045.202880859375, 339.4338073730469], [1083.7567138671875, 332.23779296875], [1036.6353759765625, 363.9004211425781], [1060.9100341796875, 336.555419921875], [1030.9237060546875, 385.488525390625], [1090.8963623046875, 365.339599609375], [1073.7613525390625, 365.339599609375], [1078.0450439453125, 391.2453918457031], [1063.765869140625, 391.2453918457031], [1089.468505859375, 404.1982727050781], [1088.04052734375, 399.8806457519531]]","[[956.20849609375, 583.7193603515625], [954.77783203125, 579.397705078125], [956.20849609375, 579.397705078125], [954.77783203125, 583.7193603515625], [979.09814453125, 585.1599731445312], [937.610595703125, 608.2090454101562], [986.2510375976562, 619.7335815429688], [897.5537109375, 624.0552368164062], [981.9593505859375, 647.1043701171875], [866.0805053710938, 626.9364013671875], [867.5111694335938, 626.9364013671875], [927.596435546875, 681.677978515625], [959.0697021484375, 685.9996948242188], [916.1516723632812, 723.4544677734375], [959.0697021484375, 752.2658081054688], [906.1373291015625, 775.3148803710938], [953.3472900390625, 815.6508178710938]]","[[719, 396], [1197, 396], [656, 597], [1262, 597], [524, 978], [1397, 978]]","[[599, 425], [599, 597], [1320, 597], [1320, 425]]","[920, 439]",None,None
62397,"[[1048.0142822265625, 332.9614562988281], [1049.428955078125, 330.0957336425781], [1045.1849365234375, 330.0957336425781], [1057.917236328125, 330.0957336425781], [1043.770263671875, 330.0957336425781], [1079.1378173828125, 347.29022216796875], [1040.9407958984375, 340.1258544921875], [1070.649658203125, 332.9614562988281], [1035.2818603515625, 354.45458984375], [1046.599609375, 344.4244689941406], [1028.2083740234375, 384.544921875], [1081.96728515625, 368.7832946777344], [1066.405517578125, 367.3504638671875], [1070.649658203125, 388.84356689453125], [1062.161376953125, 391.70928955078125], [1081.96728515625, 403.17230224609375], [1080.552490234375, 403.17230224609375]]","[[950.6586303710938, 587.1991577148438], [953.5101928710938, 582.877197265625], [954.9358520507812, 582.877197265625], [953.5101928710938, 587.1991577148438], [976.3222045898438, 588.6397705078125], [937.8268432617188, 614.5717163085938], [984.8767700195312, 624.6563720703125], [896.47998046875, 633.30029296875], [980.5994873046875, 653.4696044921875], [866.5391235351562, 631.8596801757812], [950.6586303710938, 664.994873046875], [926.4207763671875, 686.6047973632812], [957.7874145507812, 693.80810546875], [915.0147705078125, 721.1807250976562], [953.5101928710938, 757.1973266601562], [903.6087036132812, 773.0445556640625], [950.6586303710938, 819.145751953125]]","[[719, 396], [1197, 396], [656, 597], [1262, 597], [524, 978], [1397, 978]]","[[599, 425], [599, 597], [1320, 597], [1320, 425]]","[917, 431]",None,None
62398,"[[1046.85009765625, 330.85955810546875], [1049.7174072265625, 327.9952392578125], [1043.982666015625, 327.9952392578125], [1056.8858642578125, 327.9952392578125], [1041.115234375, 329.4273986816406], [1066.921630859375, 330.85955810546875], [1035.380615234375, 338.020263671875], [1078.39111328125, 309.3773498535156], [1029.6458740234375, 352.3417663574219], [1079.8248291015625, 309.3773498535156], [1025.3447265625, 368.09539794921875], [1076.9573974609375, 363.7989196777344], [1061.1868896484375, 369.5275573730469], [1064.0543212890625, 385.2811584472656], [1061.1868896484375, 391.009765625], [1079.8248291015625, 401.0347900390625], [1078.39111328125, 399.6026306152344]]","[[949.7013549804688, 584.1484985351562], [951.1273803710938, 584.1484985351562], [953.9794921875, 584.1484985351562], [951.1273803710938, 591.3226928710938], [973.943603515625, 592.7575073242188], [935.4412231445312, 620.0193481445312], [982.4996948242188, 628.6283569335938], [899.7909545898438, 637.2373657226562], [982.4996948242188, 657.3250732421875], [864.140625, 638.6721801757812], [953.9794921875, 665.9340209960938], [925.459228515625, 687.45654296875], [956.8314208984375, 694.6306762695312], [911.1990966796875, 721.892578125], [952.553466796875, 760.633056640625], [902.6430053710938, 772.1116943359375], [951.1273803710938, 820.8960571289062]]","[[719, 396], [1197, 396], [656, 597], [1262, 597], [524, 978], [1397, 978]]","[[599, 425], [599, 597], [1320, 597], [1320, 425]]","[909, 420]",None,None
62399,"[[1042.9854736328125, 329.33013916015625], [1047.29541015625, 327.8979187011719], [1041.548828125, 327.8979187011719], [1054.4786376953125, 326.4657287597656], [1038.6756591796875, 329.33013916015625], [1064.5350341796875, 332.19451904296875], [1034.36572265625, 337.9233093261719], [1081.774658203125, 304.9827575683594], [1025.745849609375, 350.8130798339844], [1081.774658203125, 304.9827575683594], [1021.4359741210938, 365.13507080078125], [1068.844970703125, 365.13507080078125], [1050.168701171875, 366.5672607421875], [1060.22509765625, 385.18585205078125], [1058.78857421875, 393.7790222167969], [1076.028076171875, 400.94000244140625], [1076.028076171875, 399.5078430175781]]","[[946.57763671875, 593.1964111328125], [948.005615234375, 588.883056640625], [950.8614501953125, 590.3208618164062], [950.8614501953125, 591.7586059570312], [970.8523559570312, 596.072021484375], [933.7264404296875, 620.5144653320312], [980.8478393554688, 630.5790405273438], [905.1680297851562, 642.0813598632812], [980.8478393554688, 660.7726440429688], [870.8978271484375, 652.1459350585938], [872.3258056640625, 650.7081298828125], [922.3030395507812, 689.5285034179688], [953.71728515625, 698.1552124023438], [906.5958862304688, 722.5977172851562], [950.8614501953125, 759.9802856445312], [900.8842163085938, 772.9204711914062], [950.8614501953125, 821.8053588867188]]","[[719, 396], [1197, 396], [656, 597], [1262, 597], [524, 978], [1397, 978]]","[[599, 425], [599, 597], [1320, 597], [1320, 425]]","[904, 410]",None,None
62400,"[[1038.706787109375, 329.7464599609375], [1042.9610595703125, 326.88372802734375], [1037.2886962890625, 326.88372802734375], [1051.469482421875, 328.31512451171875], [1035.8707275390625, 328.31512451171875], [1059.9779052734375, 334.04058837890625], [1027.3621826171875, 339.7660827636719], [1084.0849609375, 321.1582336425781], [1018.8538818359375, 356.9425354003906], [1071.3223876953125, 324.02099609375], [1014.599609375, 372.6876525878906], [1059.9779052734375, 368.3935241699219], [1042.9610595703125, 371.25628662109375], [1052.887451171875, 391.29547119140625], [1052.887451171875, 397.0209655761719], [1044.379150390625, 437.0993957519531], [1072.740478515625, 394.158203125]]","[[946.0726318359375, 592.1285400390625], [946.0726318359375, 589.2535400390625], [948.929931640625, 589.2535400390625], [947.5012817382812, 592.1285400390625], [968.9310302734375, 593.5660400390625], [930.3575439453125, 620.8784790039062], [977.5028686523438, 629.5034790039062], [908.9277954101562, 645.31591796875], [978.9315185546875, 661.12841796875], [874.6402587890625, 664.00341796875], [957.5018920898438, 651.06591796875], [918.9283447265625, 688.4408569335938], [950.3585815429688, 697.0657958984375], [904.641845703125, 724.3782958984375], [948.929931640625, 761.7531127929688], [897.4985961914062, 776.1281127929688], [950.3585815429688, 822.1279907226562]]","[[719, 396], [1197, 396], [656, 597], [1262, 597], [524, 978], [1397, 978]]","[[599, 425], [599, 597], [1320, 597], [1320, 425]]","[898, 405]",None,None
62401,"[[1039.103759765625, 330.19854736328125], [1043.4215087890625, 327.31573486328125], [1037.6646728515625, 327.31573486328125], [1052.0567626953125, 327.31573486328125], [1036.225341796875, 328.75714111328125], [1060.692138671875, 334.52276611328125], [1027.5899658203125, 338.8469543457031], [1083.7196044921875, 321.5501403808594], [1018.9547119140625, 356.143798828125], [1070.7664794921875, 324.43292236328125], [1014.6371459960938, 371.9992370605469], [1059.2528076171875, 367.6750183105469], [1043.4215087890625, 371.9992370605469], [1053.4959716796875, 392.17889404296875], [1053.4959716796875, 396.5030822753906], [1044.860595703125, 435.4209899902344], [1072.205810546875, 393.62030029296875]]","[[946.0361938476562, 593.4415893554688], [946.0361938476562, 589.1182861328125], [948.8963623046875, 590.5593872070312], [947.46630859375, 592.00048828125], [968.91748046875, 594.8826904296875], [930.3052978515625, 620.8223266601562], [977.4979248046875, 629.4688720703125], [908.8541870117188, 645.3208618164062], [978.927978515625, 661.1729125976562], [874.5322265625, 664.0551147460938], [957.476806640625, 651.0852661132812], [918.8646850585938, 688.5536499023438], [950.326416015625, 697.2001953125], [904.5639038085938, 724.5809326171875], [948.8963623046875, 762.0493774414062], [897.4135131835938, 776.4603271484375], [950.326416015625, 821.1341552734375]]","[[719, 396], [1197, 396], [656, 597], [1262, 597], [524, 978], [1397, 978]]","[[599, 425], [599, 597], [1320, 597], [1320, 425]]","[896, 405]",None,None
62402,"[[1035.393310546875, 333.69049072265625], [1038.26416015625, 332.2494812011719], [1032.5224609375, 332.2494812011719], [1044.0059814453125, 332.2494812011719], [1029.651611328125, 332.2494812011719], [1052.61865234375, 340.8956604003906], [1022.4743041992188, 342.336669921875], [1066.97314453125, 339.4546203613281], [1012.4262084960938, 363.9520568847656], [1077.021240234375, 342.336669921875], [1006.6843872070312, 385.5674743652344], [1054.0540771484375, 374.0392761230469], [1035.393310546875, 376.92132568359375], [1045.44140625, 398.5367431640625], [1045.44140625, 407.1828918457031], [1041.1351318359375, 438.885498046875], [1065.53759765625, 389.89056396484375]]","[[942.0139770507812, 591.9005737304688], [942.0139770507812, 587.5899658203125], [944.8860473632812, 590.4637451171875], [943.4500122070312, 590.4637451171875], [966.4266357421875, 591.9005737304688], [926.217529296875, 617.7644653320312], [975.0429077148438, 629.2595825195312], [904.6769409179688, 650.8128662109375], [976.4788818359375, 660.8710327148438], [875.9561767578125, 673.802978515625], [877.3922119140625, 672.3660888671875], [916.165283203125, 688.1718139648438], [947.7581787109375, 695.3562622070312], [903.2409057617188, 724.0939331054688], [946.3220825195312, 758.5791625976562], [891.7526245117188, 777.2586669921875], [950.6301879882812, 823.2389526367188]]","[[719, 396], [1197, 396], [656, 597], [1262, 597], [524, 978], [1397, 978]]","[[599, 425], [599, 597], [1320, 597], [1320, 425]]","[892, 401]",None,None
62403,"[[1030.4263916015625, 336.3581237792969], [1033.2762451171875, 332.03948974609375], [1027.5767822265625, 333.4790344238281], [1038.9757080078125, 332.03948974609375], [1024.7269287109375, 333.4790344238281], [1048.9498291015625, 342.1163024902344], [1019.0274047851562, 346.4349365234375], [1067.4732666015625, 347.8744812011719], [1007.62841796875, 366.58856201171875], [1080.297119140625, 362.2699279785156], [1003.3538208007812, 383.8631286621094], [1044.6751708984375, 379.54449462890625], [1027.5767822265625, 379.54449462890625], [1040.400634765625, 406.8958740234375], [1030.4263916015625, 406.8958740234375], [1040.400634765625, 441.4449157714844], [1054.6492919921875, 396.81903076171875]]","[[935.4136352539062, 589.4017944335938], [936.8407592773438, 585.0957641601562], [939.6948852539062, 586.5311279296875], [938.267822265625, 586.5311279296875], [962.5286254882812, 589.4017944335938], [921.1425170898438, 616.6732788085938], [969.6641235351562, 625.2853393554688], [904.0172119140625, 652.5568237304688], [973.9454956054688, 659.7335815429688], [878.329345703125, 678.3929443359375], [953.9660034179688, 656.8628540039062], [912.5799560546875, 691.3110961914062], [942.5491333007812, 694.1817626953125], [899.7359619140625, 725.75927734375], [945.4033203125, 760.2074584960938], [886.8919677734375, 780.30224609375], [948.257568359375, 821.9271850585938]]","[[719, 396], [1197, 396], [656, 597], [1262, 597], [524, 978], [1397, 978]]","[[599, 425], [599, 597], [1320, 597], [1320, 425]]","[887, 399]",None,None
62404,"[[1025.100830078125, 336.3499755859375], [1027.961669921875, 333.4765319824219], [1023.67041015625, 333.4765319824219], [1035.1138916015625, 334.91326904296875], [1020.8095703125, 333.4765319824219], [1042.2659912109375, 346.406982421875], [1012.2269897460938, 349.2804260253906], [1059.4310302734375, 357.9007263183594], [1000.7836303710938, 370.8311767578125], [1068.013671875, 372.26788330078125], [996.4923095703125, 395.25537109375], [1037.9747314453125, 382.3249206542969], [1020.8095703125, 383.7615966796875], [1037.9747314453125, 409.6225280761719], [1020.8095703125, 419.6795349121094], [1039.4051513671875, 441.23028564453125], [1020.8095703125, 442.6669616699219]]","[[938.4979858398438, 584.7400512695312], [932.7894287109375, 581.8598022460938], [934.216552734375, 581.8598022460938], [931.3623046875, 587.6202392578125], [954.196533203125, 590.50048828125], [917.0908813476562, 616.4226684570312], [964.1864624023438, 622.1831665039062], [901.392333984375, 650.985595703125], [969.89501953125, 661.06640625], [877.1310424804688, 679.7879638671875], [948.4879150390625, 656.7460327148438], [909.9552001953125, 685.5484619140625], [941.3522338867188, 689.8688354492188], [895.683837890625, 727.3119506835938], [942.7794189453125, 758.99462890625], [879.9852905273438, 780.5963745117188], [947.0608520507812, 823.7999877929688]]","[[719, 396], [1197, 396], [656, 597], [1262, 597], [524, 978], [1397, 978]]","[[599, 425], [599, 597], [1320, 597], [1320, 425]]","[883, 401]",None,None
62405,"[[1019.6959838867188, 340.3627624511719], [1022.563232421875, 337.4859924316406], [1016.8287353515625, 337.4859924316406], [1028.2978515625, 337.4859924316406], [1013.96142578125, 337.4859924316406], [1036.899658203125, 348.99310302734375], [1005.3595581054688, 350.43145751953125], [1051.236083984375, 363.3769836425781], [996.7577514648438, 367.692138671875], [1056.970703125, 373.4457092285156], [989.5895385742188, 390.70635986328125], [1031.1651611328125, 386.3912048339844], [1012.5277709960938, 387.8295593261719], [1034.032470703125, 415.158935546875], [1011.0941772460938, 420.9125061035156], [1038.3333740234375, 442.4883117675781], [1011.0941772460938, 446.803466796875]]","[[932.8977661132812, 581.7686767578125], [938.6581420898438, 578.8884887695312], [928.5775756835938, 578.8884887695312], [925.6973876953125, 587.5289916992188], [948.7388916015625, 587.5289916992188], [911.29638671875, 617.7708129882812], [955.9393310546875, 622.0911254882812], [896.8954467773438, 650.892822265625], [968.9002685546875, 656.6531982421875], [876.7340698242188, 676.8143920898438], [948.7388916015625, 650.892822265625], [906.9760131835938, 689.7752075195312], [937.2181396484375, 692.6553344726562], [892.5750732421875, 730.09765625], [941.538330078125, 760.3394775390625], [875.2938842773438, 779.0606079101562], [947.2987060546875, 822.26318359375]]","[[719, 396], [1197, 396], [656, 597], [1262, 597], [524, 978], [1397, 978]]","[[599, 425], [599, 597], [1320, 597], [1320, 425]]","[877, 401]",None,None
62406,"[[1013.215576171875, 342.9466552734375], [1016.05078125, 340.07666015625], [1010.3804321289062, 340.07666015625], [1021.7211303710938, 340.07666015625], [1006.1276245117188, 340.07666015625], [1030.2266845703125, 351.5566711425781], [997.6220703125, 352.9916687011719], [1050.072998046875, 368.7767028808594], [987.698974609375, 368.7767028808594], [1052.9080810546875, 387.4317626953125], [982.0286254882812, 387.4317626953125], [1024.5562744140625, 388.86676025390625], [1003.29248046875, 388.86676025390625], [1033.0618896484375, 413.2618408203125], [999.0396728515625, 417.56683349609375], [1038.732177734375, 441.9618835449219], [1001.8748779296875, 417.56683349609375]]","[[928.7579345703125, 589.7943725585938], [918.727294921875, 582.600830078125], [923.026123046875, 581.162109375], [918.727294921875, 586.9169311523438], [941.654541015625, 586.9169311523438], [907.263671875, 620.00732421875], [953.1181640625, 622.884765625], [890.0681762695312, 651.6589965820312], [966.0147705078125, 660.291259765625], [874.3056640625, 678.9945068359375], [960.282958984375, 666.0460815429688], [902.9647216796875, 690.5042114257812], [934.48974609375, 693.3816528320312], [888.6351928710938, 730.7881469726562], [940.2215576171875, 759.5623779296875], [872.8726806640625, 788.336669921875], [947.3863525390625, 821.4269409179688]]","[[719, 396], [1197, 396], [656, 597], [1262, 597], [524, 978], [1397, 978]]","[[599, 425], [599, 597], [1320, 597], [1320, 425]]","[875, 403]",None,None
62407,"[[1012.9556274414062, 343.6173095703125], [1015.8300170898438, 340.7546081542969], [1010.0811767578125, 340.7546081542969], [1021.5789184570312, 340.7546081542969], [1005.7694702148438, 340.7546081542969], [1030.2022705078125, 350.77410888671875], [997.146240234375, 353.6368408203125], [1050.3232421875, 369.38177490234375], [987.085693359375, 369.38177490234375], [1053.19775390625, 387.9893798828125], [981.3367919921875, 387.9893798828125], [1024.453369140625, 387.9893798828125], [1004.332275390625, 389.4207458496094], [1033.07666015625, 412.3224792480469], [998.5834350585938, 418.0478820800781], [1037.3883056640625, 439.51824951171875], [1001.4578857421875, 418.0478820800781]]","[[928.7189331054688, 591.1602783203125], [918.692138671875, 582.5291137695312], [922.9893188476562, 581.090576171875], [918.692138671875, 586.8447265625], [941.6104125976562, 586.8447265625], [907.2329711914062, 619.9307861328125], [953.069580078125, 622.807861328125], [890.0443115234375, 651.578369140625], [965.9610595703125, 660.2095336914062], [874.2880249023438, 678.910400390625], [960.2315673828125, 665.9636840820312], [902.9358520507812, 690.4186401367188], [934.4484252929688, 693.295654296875], [888.6119384765625, 730.6973876953125], [940.177978515625, 759.4679565429688], [872.8556518554688, 788.2384643554688], [947.3399658203125, 821.3245849609375]]","[[719, 396], [1197, 396], [656, 597], [1262, 597], [524, 978], [1397, 978]]","[[599, 425], [599, 597], [1320, 597], [1320, 425]]","[874, 405]",None,None
62408,"[[1000.468994140625, 342.8337097167969], [1004.755859375, 339.9523010253906], [997.611083984375, 339.9523010253906], [1011.9006958007812, 339.9523010253906], [996.1820678710938, 339.9523010253906], [1020.4744262695312, 351.4779052734375], [989.037353515625, 354.35931396484375], [1040.47998046875, 361.5628356933594], [980.4635620117188, 370.2070007324219], [1043.3377685546875, 368.7663269042969], [973.3187255859375, 386.05474853515625], [1016.1875610351562, 391.8175354003906], [994.753173828125, 391.8175354003906], [1029.0482177734375, 416.3094482421875], [989.037353515625, 416.3094482421875], [1037.6219482421875, 443.6827392578125], [999.0400390625, 442.2420654296875]]","[[921.2347412109375, 579.935302734375], [926.9244384765625, 577.0606079101562], [915.5450439453125, 577.0606079101562], [912.7001953125, 585.684814453125], [935.458984375, 585.684814453125], [899.8983764648438, 615.8695678710938], [945.416015625, 621.6190185546875], [884.2517700195312, 647.49169921875], [961.0625610351562, 651.8037719726562], [872.8723754882812, 676.2390747070312], [961.0625610351562, 666.1774291992188], [897.0535278320312, 690.6127319335938], [929.769287109375, 693.4874877929688], [884.2517700195312, 735.171142578125], [938.3038330078125, 756.7317504882812], [872.8723754882812, 791.2285766601562], [946.8383178710938, 819.9759521484375]]","[[719, 396], [1197, 396], [656, 597], [1262, 597], [524, 978], [1397, 978]]","[[599, 425], [599, 597], [1320, 597], [1320, 425]]","[872, 409]",None,None
62409,"[[988.4115600585938, 346.7209777832031], [992.729736328125, 343.83868408203125], [986.9721069335938, 343.83868408203125], [999.9268798828125, 343.83868408203125], [984.0933227539062, 345.27984619140625], [1011.4421997070312, 352.4855651855469], [978.3356323242188, 356.8089904785156], [1035.9122314453125, 361.1324157714844], [969.69921875, 374.10272216796875], [1033.0333251953125, 364.01470947265625], [963.9415283203125, 392.8376159667969], [1007.1239624023438, 395.7198486328125], [985.53271484375, 395.7198486328125], [1022.95751953125, 418.7781677246094], [976.896240234375, 415.8959045410156], [1035.9122314453125, 446.159912109375], [981.2145385742188, 446.159912109375]]","[[918.5289916992188, 588.352783203125], [922.8106079101562, 582.5985107421875], [914.2472534179688, 582.5985107421875], [908.5383911132812, 584.037109375], [929.9467163085938, 586.9142456054688], [894.2662353515625, 615.685546875], [939.937255859375, 620.0012817382812], [878.5668334960938, 648.7726440429688], [958.4911499023438, 664.596923828125], [871.4306640625, 674.6668701171875], [958.4911499023438, 670.3511352539062], [891.4118041992188, 690.4910888671875], [924.2378540039062, 693.3682861328125], [881.4212646484375, 733.6481323242188], [934.2283935546875, 753.7880859375], [872.85791015625, 794.0679931640625], [942.7916870117188, 818.5236206054688]]","[[719, 396], [1197, 396], [656, 597], [1262, 597], [524, 978], [1397, 978]]","[[599, 425], [599, 597], [1320, 597], [1320, 425]]","[868, 412]",None,None
62410,"[[979.37255859375, 343.6296691894531], [983.6510009765625, 340.7531433105469], [977.9464721679688, 340.7531433105469], [992.2078857421875, 340.7531433105469], [976.520263671875, 337.8766174316406], [999.3386840820312, 352.2592468261719], [970.815673828125, 358.0122985839844], [1022.1571044921875, 356.57403564453125], [960.8325805664062, 375.27142333984375], [1027.8616943359375, 362.32708740234375], [963.6849365234375, 381.0245056152344], [999.3386840820312, 399.721923828125], [975.0941162109375, 399.721923828125], [1013.6002197265625, 421.2958679199219], [962.2587890625, 419.8575744628906], [1029.287841796875, 441.4315490722656], [965.1110229492188, 454.3758850097656]]","[[914.5642700195312, 586.7144775390625], [918.8807983398438, 579.5347290039062], [927.5137329101562, 578.0987548828125], [903.0537109375, 582.4066162109375], [926.0748901367188, 582.4066162109375], [888.66552734375, 612.5615844726562], [936.1466674804688, 616.8694458007812], [872.8384399414062, 642.716552734375], [949.0960693359375, 652.7681884765625], [892.98193359375, 628.3570556640625], [957.72900390625, 671.4356079101562], [887.2266235351562, 688.6669921875], [918.8807983398438, 691.5388793945312], [877.1548461914062, 733.1814575195312], [930.391357421875, 748.9769287109375], [871.3995361328125, 792.055419921875], [940.4630737304688, 813.5947875976562]]","[[719, 396], [1197, 396], [656, 597], [1262, 597], [524, 978], [1397, 978]]","[[599, 425], [599, 597], [1320, 597], [1320, 425]]","[866, 424]",None,None
62411,"[[966.1478881835938, 354.61187744140625], [970.4307861328125, 351.75006103515625], [964.7202758789062, 351.75006103515625], [978.99658203125, 350.3191833496094], [963.2926025390625, 350.3191833496094], [988.9900512695312, 357.4737243652344], [961.864990234375, 364.6282653808594], [1004.6939697265625, 357.4737243652344], [950.4439086914062, 376.0755310058594], [1018.9703369140625, 360.3355407714844], [953.2991943359375, 383.2300720214844], [988.9900512695312, 404.6937255859375], [966.1478881835938, 404.6937255859375], [1006.1216430664062, 426.1573181152344], [947.5886840820312, 421.8646240234375], [1023.253173828125, 444.7591857910156], [947.5886840820312, 459.0682678222656]]","[[911.9739379882812, 580.505615234375], [914.8380737304688, 573.3018798828125], [904.8135375976562, 573.3018798828125], [899.0853271484375, 576.183349609375], [923.4304809570312, 577.6240844726562], [886.1967163085938, 606.4390258789062], [929.15869140625, 610.7612915039062], [869.011962890625, 635.2539672851562], [940.615234375, 645.3391723632812], [871.8761596679688, 652.54296875], [954.9358520507812, 665.5096435546875], [884.7646484375, 681.3578491210938], [914.8380737304688, 685.6801147460938], [877.6043701171875, 728.9024658203125], [927.7266845703125, 743.3099975585938], [871.8761596679688, 790.8545532226562], [933.454833984375, 806.702880859375]]","[[719, 396], [1197, 396], [656, 597], [1262, 597], [524, 978], [1397, 978]]","[[599, 425], [599, 597], [1320, 597], [1320, 425]]","[863, 429]",None,None
62412,"[[953.3550415039062, 360.0065002441406], [956.2310180664062, 355.698486328125], [951.9170532226562, 357.1344909667969], [967.7349853515625, 355.698486328125], [951.9170532226562, 355.698486328125], [976.3629150390625, 364.31451416015625], [951.9170532226562, 372.9305114746094], [996.4948120117188, 361.4425048828125], [943.2891235351562, 387.29058837890625], [1015.188720703125, 361.4425048828125], [951.9170532226562, 400.214599609375], [974.9249267578125, 410.2666015625], [953.3550415039062, 410.2666015625], [990.7428588867188, 426.06268310546875], [937.537109375, 431.80670166015625], [1012.312744140625, 446.166748046875], [934.6611328125, 466.2707824707031]]","[[907.7611694335938, 575.6629638671875], [896.2460327148438, 569.9100952148438], [900.564208984375, 569.9100952148438], [896.2460327148438, 571.3483276367188], [919.2764282226562, 571.3483276367188], [883.2913818359375, 600.1122436523438], [926.473388671875, 604.4268188476562], [867.4580078125, 628.876220703125], [935.1098022460938, 638.9435424804688], [874.655029296875, 649.0109252929688], [949.5038452148438, 659.0783081054688], [883.2913818359375, 674.8984985351562], [912.0794677734375, 677.77490234375], [877.5338134765625, 728.1117553710938], [925.0339965820312, 735.302734375], [871.7761840820312, 788.5159912109375], [925.0339965820312, 804.3361206054688]]","[[719, 396], [1197, 396], [656, 597], [1262, 597], [524, 978], [1397, 978]]","[[599, 425], [599, 597], [1320, 597], [1320, 425]]","[860, 440]",None,None
62413,"[[953.2813720703125, 360.0828857421875], [956.1500244140625, 355.7757873535156], [951.8470458984375, 355.7757873535156], [967.6245727539062, 355.7757873535156], [951.8470458984375, 355.7757873535156], [977.6648559570312, 364.3899841308594], [951.8470458984375, 373.00421142578125], [997.745361328125, 360.0828857421875], [943.2410888671875, 387.3612060546875], [1014.9572143554688, 361.5185852050781], [951.8470458984375, 400.2825012207031], [974.7962036132812, 410.3323974609375], [953.2813720703125, 410.3323974609375], [990.57373046875, 426.1251220703125], [937.5038452148438, 431.8679504394531], [1012.0885620117188, 446.2249450683594], [934.6351928710938, 466.3247375488281]]","[[907.5816650390625, 575.5631103515625], [896.108154296875, 569.8091430664062], [900.4107055664062, 569.8091430664062], [896.108154296875, 571.2476196289062], [919.0552368164062, 571.2476196289062], [883.2005004882812, 600.0173950195312], [927.6602783203125, 604.3328247070312], [867.4244384765625, 628.787109375], [934.8312377929688, 638.8565673828125], [874.5953369140625, 648.9259643554688], [950.6072998046875, 660.4338989257812], [883.2005004882812, 674.8187866210938], [911.88427734375, 677.6957397460938], [877.4637451171875, 728.0428466796875], [924.7919311523438, 735.2352905273438], [871.72705078125, 788.4593505859375], [924.7919311523438, 804.28271484375]]","[[719, 396], [1197, 396], [656, 597], [1262, 597], [524, 978], [1397, 978]]","[[599, 425], [599, 597], [1320, 597], [1320, 425]]","[860, 442]",None,None
62414,"[[942.0552368164062, 367.3360900878906], [944.9298095703125, 363.01824951171875], [940.617919921875, 364.45751953125], [953.5535888671875, 361.5789489746094], [940.617919921875, 361.5789489746094], [966.4893188476562, 370.21466064453125], [942.0552368164062, 381.72894287109375], [989.4862060546875, 364.45751953125], [934.8687744140625, 399.0003662109375], [1012.4830322265625, 364.45751953125], [944.9298095703125, 414.83251953125], [969.364013671875, 417.7110595703125], [946.3671264648438, 419.1503601074219], [985.17431640625, 436.4217834472656], [927.6821899414062, 442.178955078125], [1006.7338256835938, 453.6932067871094], [919.0584106445312, 470.96466064453125]]","[[893.3145141601562, 564.617919921875], [893.3145141601562, 558.871337890625], [918.8816528320312, 564.617919921875], [894.7349243164062, 564.617919921875], [917.4613037109375, 567.4911499023438], [880.5308837890625, 593.3507690429688], [924.5632934570312, 599.0973510742188], [863.4860229492188, 624.9569702148438], [931.6653442382812, 632.1401977539062], [880.5308837890625, 639.3234252929688], [945.8693237304688, 652.253173828125], [880.5308837890625, 668.0562744140625], [907.5184326171875, 672.3662109375], [879.1104736328125, 719.7754516601562], [921.7224731445312, 731.2686157226562], [870.5880126953125, 785.861083984375], [916.0408935546875, 795.9176635742188]]","[[719, 396], [1197, 396], [656, 597], [1262, 597], [524, 978], [1397, 978]]","[[599, 425], [599, 597], [1320, 597], [1320, 425]]","[859, 452]",None,None
62415,"[[932.2677001953125, 375.2047119140625], [935.134765625, 370.8822937011719], [930.8341064453125, 372.3231201171875], [942.302490234375, 370.8822937011719], [930.8341064453125, 370.8822937011719], [955.204345703125, 378.0863342285156], [930.8341064453125, 391.0535888671875], [975.2739868164062, 370.8822937011719], [925.0999755859375, 405.4616394042969], [1005.3784790039062, 368.0007019042969], [1005.3784790039062, 368.0007019042969], [956.637939453125, 427.0736999511719], [936.5682983398438, 428.5145263671875], [972.4069213867188, 437.1593322753906], [919.3658447265625, 451.5673828125], [995.3436889648438, 455.8898010253906], [906.4638671875, 484.7059020996094]]","[[904.2435302734375, 562.019287109375], [892.8336791992188, 553.3771362304688], [897.1124267578125, 554.8175048828125], [894.2598876953125, 557.6982421875], [917.0796508789062, 559.1385498046875], [878.5713500976562, 586.5053100585938], [922.7845458984375, 593.7070922851562], [861.4566650390625, 618.1931762695312], [928.489501953125, 628.2756958007812], [872.866455078125, 632.5967407226562], [945.6041870117188, 649.8810424804688], [878.5713500976562, 662.84423828125], [905.6697387695312, 668.6056518554688], [879.99755859375, 714.697021484375], [921.3582763671875, 723.3392333984375], [870.0140380859375, 775.1920166015625], [907.0960083007812, 785.2744750976562]]","[[719, 396], [1197, 396], [656, 597], [1262, 597], [524, 978], [1397, 978]]","[[599, 425], [599, 597], [1320, 597], [1320, 425]]","[857, 465]",None,None
62416,"[[919.1435546875, 388.523193359375], [922.00634765625, 384.2125244140625], [917.7120971679688, 384.2125244140625], [932.0263671875, 382.7756652832031], [919.1435546875, 384.2125244140625], [944.9092407226562, 385.6494140625], [919.1435546875, 405.76580810546875], [967.8121337890625, 378.4649658203125], [913.4178466796875, 431.6296691894531], [993.5779418945312, 372.7174987792969], [903.3978271484375, 453.1829528808594], [950.635009765625, 434.5034484863281], [927.7321166992188, 437.377197265625], [963.5178833007812, 447.4354248046875], [916.2807006835938, 458.93048095703125], [989.28369140625, 461.80419921875], [901.96630859375, 496.2894287109375]]","[[903.5006713867188, 561.8868408203125], [909.2476806640625, 557.5699462890625], [899.1904907226562, 557.5699462890625], [893.4434814453125, 556.1309814453125], [916.4314575195312, 557.5699462890625], [879.075927734375, 582.0325317382812], [922.178466796875, 590.6663818359375], [857.5245971679688, 610.8120727539062], [926.48876953125, 626.640869140625], [867.5818481445312, 629.518798828125], [943.7297973632812, 646.7865600585938], [876.202392578125, 658.29833984375], [902.0639038085938, 661.1763305664062], [881.9494018554688, 705.78466796875], [919.3049926757812, 720.1743774414062], [867.5818481445312, 761.90478515625], [900.6271362304688, 777.7335205078125]]","[[719, 396], [1197, 396], [656, 597], [1262, 597], [524, 978], [1397, 978]]","[[599, 425], [599, 597], [1320, 597], [1320, 425]]","[857, 476]",None,None
62417,"[[907.4625244140625, 400.0189208984375], [910.3308715820312, 395.7115783691406], [906.0284423828125, 397.1473388671875], [916.0675048828125, 394.2757873535156], [906.0284423828125, 397.1473388671875], [930.4091186523438, 400.0189208984375], [910.3308715820312, 415.81243896484375], [946.1849365234375, 392.84002685546875], [906.0284423828125, 433.041748046875], [949.0532836914062, 389.96844482421875], [894.5550537109375, 453.14263916015625], [937.5800170898438, 445.9637451171875], [916.0675048828125, 448.8352966308594], [956.22412109375, 457.4499206542969], [903.1600952148438, 463.19305419921875], [977.7365112304688, 464.6288146972656], [893.1209106445312, 500.5232238769531]]","[[904.290283203125, 562.4124755859375], [892.8255004882812, 552.3256225585938], [895.6917724609375, 555.2075805664062], [894.2586669921875, 556.6485595703125], [917.1881103515625, 556.6485595703125], [878.49462890625, 581.1453247070312], [920.0542602539062, 588.3502197265625], [854.1321411132812, 608.5239868164062], [925.7866821289062, 625.8157958984375], [858.431396484375, 625.8157958984375], [942.9838256835938, 645.9895629882812], [874.1953735351562, 656.076416015625], [898.5579833984375, 660.3993530273438], [882.7938842773438, 700.7469482421875], [917.1881103515625, 719.479736328125], [867.0299682617188, 754.0633544921875], [897.1248168945312, 778.5599975585938]]","[[719, 396], [1197, 396], [656, 597], [1262, 597], [524, 978], [1397, 978]]","[[599, 425], [599, 597], [1320, 597], [1320, 425]]","[852, 459]",None,None
62418,"[[896.3981323242188, 419.5010986328125], [897.837158203125, 415.179931640625], [894.9591064453125, 415.179931640625], [906.471435546875, 412.2991638183594], [897.837158203125, 413.7395324707031], [920.8619384765625, 413.7395324707031], [900.7152709960938, 433.905029296875], [933.8132934570312, 405.09716796875], [932.374267578125, 406.5375671386719], [948.2036743164062, 395.0144348144531], [948.2036743164062, 395.0144348144531], [932.374267578125, 451.18975830078125], [913.6666870117188, 454.070556640625], [897.837158203125, 445.42816162109375], [893.52001953125, 465.59368896484375], [892.0809936523438, 498.7227478027344], [892.0809936523438, 501.603515625]]","[[904.224609375, 561.6829223632812], [892.8218383789062, 553.04248046875], [895.6724853515625, 553.04248046875], [892.8218383789062, 557.3626708984375], [917.052734375, 558.802734375], [878.568359375, 581.843994140625], [921.3287353515625, 590.4844360351562], [854.3374633789062, 607.7653198242188], [925.6047973632812, 627.9263916015625], [857.188232421875, 635.1267700195312], [941.2835693359375, 648.08740234375], [870.016357421875, 656.7278442382812], [892.8218383789062, 658.16796875], [881.4190673828125, 694.1698608398438], [917.052734375, 718.651123046875], [865.7402954101562, 747.45263671875], [895.6724853515625, 780.5743408203125]]","[[719, 396], [1197, 396], [656, 597], [1262, 597], [524, 978], [1397, 978]]","[[599, 425], [599, 597], [1320, 597], [1320, 425]]","[847, 445]",top,lob
62419,"[[896.4083862304688, 419.468994140625], [897.8480834960938, 415.1455383300781], [894.96875, 415.1455383300781], [906.486083984375, 412.26324462890625], [897.8480834960938, 413.7043762207031], [920.8828125, 413.7043762207031], [900.7274780273438, 433.88043212890625], [933.83984375, 405.0574951171875], [932.400146484375, 406.4986877441406], [948.236572265625, 394.9695129394531], [948.236572265625, 394.9695129394531], [932.400146484375, 451.1742248535156], [913.6844482421875, 454.0565185546875], [897.8480834960938, 445.40960693359375], [893.5291137695312, 465.5856628417969], [892.0894165039062, 498.7320556640625], [892.0894165039062, 501.6143493652344]]","[[904.0451049804688, 562.304443359375], [892.5232543945312, 552.2469482421875], [896.8439331054688, 553.6837158203125], [892.5232543945312, 557.9940795898438], [917.0071411132812, 557.9940795898438], [878.1209716796875, 582.4195556640625], [921.3277587890625, 591.040283203125], [853.6371459960938, 608.28173828125], [925.6484985351562, 626.9600219726562], [857.9578857421875, 637.0175170898438], [941.490966796875, 648.5118408203125], [869.479736328125, 657.132568359375], [892.5232543945312, 658.5693359375], [881.00146484375, 694.4890747070312], [917.0071411132812, 718.9144897460938], [865.1589965820312, 749.0870361328125], [895.4037475585938, 780.6964111328125]]","[[719, 396], [1197, 396], [656, 597], [1262, 597], [524, 978], [1397, 978]]","[[599, 425], [599, 597], [1320, 597], [1320, 425]]","[843, 422]",None,None
62420,"[[913.3328857421875, 437.707275390625], [910.4523315429688, 443.4555969238281], [900.3705444335938, 446.32977294921875], [900.3705444335938, 423.33642578125], [887.408203125, 433.3960266113281], [913.3328857421875, 427.64764404296875], [891.7288818359375, 442.0185241699219], [926.2952880859375, 417.58807373046875], [888.8484497070312, 466.44891357421875], [933.4965209960938, 407.52850341796875], [891.7288818359375, 495.19061279296875], [930.615966796875, 456.38934326171875], [909.0120849609375, 457.826416015625], [943.578369140625, 472.1972351074219], [888.8484497070312, 469.3230895996094], [949.3394165039062, 486.56805419921875], [893.169189453125, 499.5018615722656]]","[[903.48828125, 567.494140625], [891.9969482421875, 557.4054565429688], [894.8697509765625, 558.8467407226562], [893.433349609375, 561.7291870117188], [914.9796142578125, 563.17041015625], [877.6327514648438, 586.2301635742188], [919.2888793945312, 594.8775634765625], [856.0864868164062, 610.7311401367188], [926.4710083007812, 633.7908935546875], [853.2136840820312, 643.8795776367188], [942.2716064453125, 653.9682006835938], [866.1414184570312, 659.733154296875], [889.1241455078125, 662.6156005859375], [879.0691528320312, 691.4403076171875], [914.9796142578125, 721.7062377929688], [863.2686157226562, 744.7659912109375], [894.8697509765625, 783.6792602539062]]","[[719, 396], [1197, 396], [656, 597], [1262, 597], [524, 978], [1397, 978]]","[[599, 425], [599, 597], [1320, 597], [1320, 425]]","[838, 389]",None,None
62421,"[[876.5106811523438, 443.1479187011719], [877.9421997070312, 441.7079772949219], [877.9421997070312, 443.1479187011719], [892.25732421875, 438.8280944824219], [912.2985229492188, 447.4677429199219], [897.9833374023438, 437.3881530761719], [916.5930786132812, 453.22747802734375], [892.25732421875, 454.66741943359375], [922.319091796875, 421.5487976074219], [883.6682739257812, 466.18695068359375], [933.7711791992188, 412.9091491699219], [926.6135864257812, 448.9076843261719], [930.9081420898438, 444.5878601074219], [893.6888427734375, 460.42718505859375], [889.394287109375, 467.62689208984375], [893.6888427734375, 502.18548583984375], [938.065673828125, 484.9062194824219]]","[[906.2660522460938, 574.9149780273438], [893.4188232421875, 561.969970703125], [916.2583618164062, 569.1616821289062], [893.4188232421875, 569.1616821289062], [916.2583618164062, 570.6000366210938], [876.2891845703125, 590.7366943359375], [919.1133422851562, 602.2434692382812], [854.8770141601562, 620.9417724609375], [924.8232421875, 636.7635498046875], [849.1671752929688, 649.7085571289062], [941.9529418945312, 661.21533203125], [864.8693237304688, 661.21533203125], [886.2813720703125, 668.406982421875], [874.8616333007812, 692.8587036132812], [913.4033813476562, 725.9404907226562], [864.8693237304688, 738.885498046875], [893.4188232421875, 787.7890014648438]]","[[719, 396], [1197, 396], [656, 597], [1262, 597], [524, 978], [1397, 978]]","[[599, 425], [599, 597], [1320, 597], [1320, 425]]","[834, 339]",None,None
62422,"[[885.6698608398438, 451.7272644042969], [887.1100463867188, 445.9929504394531], [882.7894287109375, 450.293701171875], [889.9906005859375, 440.25872802734375], [877.0284423828125, 448.8601379394531], [898.6319580078125, 437.39154052734375], [878.4686889648438, 457.4615478515625], [920.2354736328125, 425.9230041503906], [887.1100463867188, 476.0979309082031], [889.9906005859375, 497.60150146484375], [868.3870849609375, 496.1679382324219], [923.115966796875, 451.7272644042969], [908.713623046875, 454.5943908691406], [928.8768920898438, 470.3636779785156], [885.6698608398438, 468.9300842285156], [941.8389892578125, 477.531494140625], [891.4307861328125, 503.3357849121094]]","[[904.4339599609375, 581.1983032226562], [892.9315795898438, 571.1361083984375], [917.3740844726562, 576.8859252929688], [892.9315795898438, 576.8859252929688], [915.936279296875, 579.7608642578125], [878.5536499023438, 595.572998046875], [917.3740844726562, 609.9476318359375], [856.9866943359375, 622.8848266601562], [924.5630493164062, 650.1965942382812], [846.9222412109375, 654.509033203125], [938.9409790039062, 668.8837280273438], [859.8623657226562, 664.5712890625], [881.4292602539062, 673.1961059570312], [872.802490234375, 696.1954956054688], [915.936279296875, 729.2571411132812], [859.8623657226562, 737.8820190429688], [890.0560302734375, 789.6307373046875]]","[[719, 396], [1197, 396], [656, 597], [1262, 597], [524, 978], [1397, 978]]","[[599, 425], [599, 597], [1320, 597], [1320, 425]]","[829, 298]",None,None
62423,"[[884.462646484375, 449.73583984375], [883.0400390625, 446.8678894042969], [877.3494873046875, 449.73583984375], [885.8853759765625, 442.56591796875], [874.5042114257812, 449.73583984375], [894.421142578125, 436.8299560546875], [874.5042114257812, 455.4717712402344], [885.8853759765625, 475.5475769042969], [867.3909912109375, 472.6795654296875], [890.1532592773438, 497.0573425292969], [864.5457153320312, 495.62335205078125], [921.4512939453125, 439.6979675292969], [924.2965698242188, 436.8299560546875], [922.8739013671875, 487.0194091796875], [884.462646484375, 468.3776550292969], [932.8323364257812, 469.8116149902344], [890.1532592773438, 501.3592529296875]]","[[918.189453125, 590.878173828125], [893.9576416015625, 580.808837890625], [918.189453125, 585.124267578125], [893.9576416015625, 585.124267578125], [915.3386840820312, 589.439697265625], [878.2782592773438, 608.1398315429688], [915.3386840820312, 619.6476440429688], [855.4718017578125, 629.7169799804688], [923.89111328125, 661.3634033203125], [844.068603515625, 657.0479736328125], [940.9959106445312, 680.0635986328125], [858.3226318359375, 674.3096923828125], [878.2782592773438, 688.6943969726562], [874.0020141601562, 701.6406860351562], [921.040283203125, 728.9717407226562], [856.897216796875, 741.91796875], [892.5322265625, 786.5107421875]]","[[719, 396], [1197, 396], [656, 597], [1262, 597], [524, 978], [1397, 978]]","[[599, 425], [599, 597], [1320, 597], [1320, 425]]","[827, 260]",None,None
62424,"[[868.4937133789062, 446.25323486328125], [871.353759765625, 443.4081115722656], [868.4937133789062, 443.4081115722656], [879.9340209960938, 441.9855651855469], [869.9237670898438, 443.4081115722656], [872.7838134765625, 447.67584228515625], [869.9237670898438, 450.5209655761719], [867.0635986328125, 469.0143127441406], [867.0635986328125, 469.0143127441406], [889.9443969726562, 496.0430908203125], [889.9443969726562, 497.4656677246094], [921.4052734375, 443.4081115722656], [901.3847045898438, 449.0984191894531], [918.545166015625, 486.0851135253906], [882.7940673828125, 466.169189453125], [931.41552734375, 467.59173583984375], [888.5142822265625, 498.8882141113281]]","[[917.923095703125, 599.4910278320312], [894.9580078125, 587.99560546875], [917.923095703125, 593.7432861328125], [894.9580078125, 593.7432861328125], [916.4877319335938, 598.0540771484375], [877.7342529296875, 616.734130859375], [915.052490234375, 626.7926025390625], [857.6398315429688, 636.85107421875], [922.2290649414062, 669.9004516601562], [836.110107421875, 662.7158203125], [938.0174560546875, 687.1436157226562], [854.7692260742188, 684.2697143554688], [871.9929809570312, 692.8912963867188], [871.9929809570312, 708.697509765625], [926.5349731445312, 724.503662109375], [854.7692260742188, 743.1837158203125], [896.3933715820312, 780.5438842773438]]","[[719, 396], [1197, 396], [656, 597], [1262, 597], [524, 978], [1397, 978]]","[[599, 425], [599, 597], [1320, 597], [1320, 425]]","[821, 230]",None,None
62425,"[[868.60400390625, 446.2898864746094], [870.031005859375, 443.44085693359375], [868.60400390625, 443.44085693359375], [880.0203247070312, 442.0163269042969], [870.031005859375, 443.44085693359375], [872.8851318359375, 447.7144470214844], [870.031005859375, 450.56353759765625], [867.1769409179688, 469.08251953125], [867.1769409179688, 469.08251953125], [890.0097045898438, 496.1487121582031], [890.0097045898438, 497.5732421875], [921.4046630859375, 443.44085693359375], [901.4260864257812, 449.13897705078125], [919.9776611328125, 483.327880859375], [882.8744506835938, 466.2334289550781], [931.39404296875, 467.657958984375], [888.5825805664062, 498.9977722167969]]","[[917.9738159179688, 599.4911499023438], [895.0276489257812, 587.9982299804688], [917.9738159179688, 593.7446899414062], [895.0276489257812, 593.7446899414062], [916.5396728515625, 598.0545654296875], [877.8180541992188, 616.7305908203125], [915.1055908203125, 626.7869262695312], [857.7401123046875, 636.84326171875], [922.2762451171875, 669.8854370117188], [836.2282104492188, 662.702392578125], [938.0516967773438, 687.1248779296875], [854.8718872070312, 684.2516479492188], [872.0814819335938, 692.871337890625], [872.0814819335938, 708.6741333007812], [926.5786743164062, 724.4769287109375], [854.8718872070312, 743.1530151367188], [896.4618530273438, 780.5050048828125]]","[[719, 396], [1197, 396], [656, 597], [1262, 597], [524, 978], [1397, 978]]","[[599, 425], [599, 597], [1320, 597], [1320, 425]]","[821, 230]",None,None
62426,"[[891.04345703125, 439.603271484375], [870.9992065429688, 436.75634765625], [893.9068603515625, 438.1798400878906], [916.8145751953125, 436.75634765625], [889.6116943359375, 438.1798400878906], [916.8145751953125, 418.2513122558594], [883.8848266601562, 436.75634765625], [932.5635986328125, 409.7105407714844], [870.9992065429688, 441.0267639160156], [925.4049682617188, 413.98095703125], [868.1357421875, 463.8021545410156], [919.677978515625, 446.7206115722656], [896.7703247070312, 449.5675354003906], [925.4049682617188, 475.18988037109375], [882.4530639648438, 466.6490783691406], [933.995361328125, 472.3429870605469], [889.6116943359375, 499.3887939453125]]","[[918.7479858398438, 606.3261108398438], [917.3124389648438, 602.0006713867188], [917.3124389648438, 602.0006713867188], [895.7786865234375, 602.0006713867188], [915.8768310546875, 606.3261108398438], [878.5516967773438, 622.18603515625], [913.0056762695312, 638.0459594726562], [857.0179443359375, 642.3713989257812], [920.18359375, 676.9747924804688], [834.0486450195312, 658.2313232421875], [940.28173828125, 695.7183837890625], [852.711181640625, 687.0675048828125], [869.9381713867188, 695.7183837890625], [882.8584594726562, 688.50927734375], [928.7970581054688, 720.2291259765625], [857.0179443359375, 743.2981567382812], [905.8278198242188, 776.4597778320312]]","[[719, 396], [1197, 396], [656, 597], [1262, 597], [524, 978], [1397, 978]]","[[599, 425], [599, 597], [1320, 597], [1320, 425]]","[816, 199]",None,None
62427,"[[865.547119140625, 425.77423095703125], [868.4202270507812, 421.4798278808594], [864.1105346679688, 422.9112854003906], [875.60302734375, 418.61688232421875], [864.1105346679688, 420.04833984375], [910.0803833007812, 411.4595642089844], [869.8567504882812, 431.50006103515625], [930.192138671875, 402.87078857421875], [930.192138671875, 402.87078857421875], [944.5576782226562, 392.85052490234375], [944.5576782226562, 392.85052490234375], [918.69970703125, 444.38323974609375], [895.7147827148438, 447.2461853027344], [928.7555541992188, 475.8754577636719], [882.7858276367188, 465.855224609375], [938.8114624023438, 471.5810546875], [889.9685668945312, 500.2103576660156]]","[[918.9977416992188, 613.837158203125], [917.5689697265625, 609.5118408203125], [918.9977416992188, 609.5118408203125], [896.137451171875, 606.6283569335938], [917.5689697265625, 610.9536743164062], [880.4209594726562, 622.4877319335938], [911.8538818359375, 642.67236328125], [858.9894409179688, 642.67236328125], [921.855224609375, 684.4834594726562], [836.1292114257812, 652.7647094726562], [940.4292602539062, 696.017578125], [851.8455810546875, 691.6922607421875], [867.5620727539062, 701.7846069335938], [883.2785034179688, 690.2505493164062], [928.9990844726562, 724.852783203125], [856.1319580078125, 742.1539306640625], [916.14013671875, 781.08154296875]]","[[719, 396], [1197, 396], [656, 597], [1262, 597], [524, 978], [1397, 978]]","[[599, 425], [599, 597], [1320, 597], [1320, 425]]","[812, 176]",None,None
62428,"[[864.3340454101562, 415.3121032714844], [867.2106323242188, 410.9970703125], [862.8956909179688, 412.4354248046875], [877.2786865234375, 408.1203918457031], [861.4574584960938, 410.9970703125], [895.9765625, 413.8737487792969], [870.0872192382812, 419.62713623046875], [923.30419921875, 429.695556640625], [868.64892578125, 435.44891357421875], [942.0020141601562, 389.42193603515625], [942.0020141601562, 389.42193603515625], [918.9892578125, 439.7639465332031], [894.5382690429688, 441.2023010253906], [934.810546875, 468.5307922363281], [883.0318603515625, 461.3390808105469], [942.0020141601562, 472.8458251953125], [890.2233276367188, 500.17437744140625]]","[[919.419677734375, 614.097412109375], [917.9916381835938, 611.2230224609375], [917.9916381835938, 611.2230224609375], [895.1436767578125, 606.9114990234375], [916.5636596679688, 614.097412109375], [880.8635864257812, 622.7205200195312], [910.8516845703125, 645.715576171875], [859.443603515625, 641.4039916992188], [920.84765625, 687.39404296875], [842.3076171875, 645.715576171875], [945.123779296875, 698.8915405273438], [852.3036499023438, 687.39404296875], [865.1556396484375, 703.203125], [883.7196044921875, 693.142822265625], [927.9876708984375, 724.760986328125], [856.5875854492188, 743.4443969726562], [915.1357421875, 779.3742065429688]]","[[719, 396], [1197, 396], [656, 597], [1262, 597], [524, 978], [1397, 978]]","[[599, 425], [599, 597], [1320, 597], [1320, 425]]","[808, 154]",None,None
62429,"[[864.9469604492188, 406.6561279296875], [867.8255615234375, 400.91485595703125], [863.5076293945312, 402.35015869140625], [877.9006958007812, 399.4794616699219], [862.068359375, 403.7854919433594], [898.0509033203125, 403.7854919433594], [867.8255615234375, 413.8327941894531], [912.4439086914062, 399.4794616699219], [912.4439086914062, 399.4794616699219], [934.033447265625, 392.3028259277344], [932.5941162109375, 392.3028259277344], [919.6404418945312, 433.92742919921875], [895.1722412109375, 436.7980651855469], [935.4727172851562, 462.634033203125], [882.2186279296875, 459.7633972167969], [946.9871826171875, 472.6813659667969], [887.9757690429688, 498.5173034667969]]","[[917.4391479492188, 614.9949951171875], [916.0006713867188, 610.6919555664062], [916.0006713867188, 610.6919555664062], [892.9855346679688, 607.8233032226562], [914.562255859375, 614.9949951171875], [878.60107421875, 623.60107421875], [910.2468872070312, 645.1162109375], [851.2706298828125, 642.2474975585938], [921.7545166015625, 688.1464233398438], [848.3937377929688, 639.3787841796875], [947.646484375, 696.7525024414062], [852.7090454101562, 691.01513671875], [867.093505859375, 702.4898681640625], [882.9164428710938, 692.4495239257812], [930.3851318359375, 722.5706787109375], [857.0244140625, 741.2171630859375], [916.0006713867188, 779.9443969726562]]","[[719, 396], [1197, 396], [656, 597], [1262, 597], [524, 978], [1397, 978]]","[[599, 425], [599, 597], [1320, 597], [1320, 425]]","[804, 135]",None,None
62430,"[[868.1176147460938, 396.4418029785156], [870.9976196289062, 392.1457824707031], [866.677490234375, 393.5777893066406], [879.637939453125, 390.7137451171875], [866.677490234375, 393.5777893066406], [895.4783935546875, 396.4418029785156], [870.9976196289062, 406.4659118652344], [911.31884765625, 395.00982666015625], [915.638916015625, 393.5777893066406], [935.799560546875, 387.8497619628906], [931.4794921875, 390.7137451171875], [919.9591064453125, 430.8100891113281], [896.9183959960938, 433.67413330078125], [935.799560546875, 456.5863037109375], [882.51806640625, 458.0183410644531], [950.2000122070312, 472.3384704589844], [882.51806640625, 495.25067138671875]]","[[914.4359130859375, 610.7905883789062], [913.0089721679688, 609.3499755859375], [913.0089721679688, 609.3499755859375], [890.1759033203125, 606.4686279296875], [911.5818481445312, 610.7905883789062], [877.3323364257812, 622.3159790039062], [908.7276611328125, 642.4854125976562], [851.645263671875, 636.72265625], [918.7172241210938, 685.70556640625], [855.9263916015625, 622.3159790039062], [944.404296875, 691.4682006835938], [853.072265625, 692.9088745117188], [865.9158325195312, 702.9935913085938], [878.7593994140625, 687.1461791992188], [928.7066040039062, 724.6036376953125], [860.2075805664062, 743.3323974609375], [915.863037109375, 780.789794921875]]","[[719, 396], [1197, 396], [656, 597], [1262, 597], [524, 978], [1397, 978]]","[[599, 425], [599, 597], [1320, 597], [1320, 425]]","[799, 118]",None,None
62431,"[[868.1002197265625, 396.3592529296875], [870.9744873046875, 392.0647277832031], [866.6630249023438, 393.4962158203125], [879.5974731445312, 390.6332092285156], [866.6630249023438, 393.4962158203125], [895.4063720703125, 396.3592529296875], [870.9744873046875, 406.3797302246094], [911.2152709960938, 394.927734375], [915.5267333984375, 393.4962158203125], [935.6471557617188, 387.7702331542969], [931.3356323242188, 390.6332092285156], [919.8382568359375, 430.7152099609375], [896.8435668945312, 433.5782470703125], [935.6471557617188, 456.48223876953125], [882.4718627929688, 457.9137268066406], [950.018798828125, 472.228759765625], [883.9089965820312, 496.56427001953125]]","[[914.4340209960938, 610.8446655273438], [913.0064086914062, 609.4043579101562], [913.0064086914062, 609.4043579101562], [890.1641235351562, 606.5237426757812], [911.5786743164062, 610.8446655273438], [877.3153686523438, 622.3670654296875], [908.7234497070312, 642.5313720703125], [851.617919921875, 636.7701416015625], [918.7169189453125, 685.7406005859375], [855.9008178710938, 622.3670654296875], [944.4144287109375, 691.5018310546875], [853.0455322265625, 692.9421997070312], [865.894287109375, 703.0243530273438], [880.170654296875, 687.180908203125], [928.7103881835938, 724.62890625], [860.1837768554688, 743.3529052734375], [915.8616333007812, 780.8009033203125]]","[[719, 396], [1197, 396], [656, 597], [1262, 597], [524, 978], [1397, 978]]","[[599, 425], [599, 597], [1320, 597], [1320, 425]]","[799, 118]",None,None
62432,"[[871.5288696289062, 385.96771240234375], [874.40380859375, 383.10247802734375], [868.6539306640625, 383.10247802734375], [881.591064453125, 381.6698303222656], [867.2164916992188, 385.96771240234375], [891.6533813476562, 391.6981506347656], [870.0914306640625, 398.86126708984375], [913.21533203125, 390.26556396484375], [868.6539306640625, 404.5917663574219], [913.21533203125, 388.8329162597656], [901.715576171875, 403.15911865234375], [920.4026489257812, 426.0810852050781], [895.9657592773438, 428.9462890625], [936.2147827148438, 454.73345947265625], [881.591064453125, 454.73345947265625], [952.0269165039062, 470.4923095703125], [881.591064453125, 496.27947998046875]]","[[910.3089599609375, 607.3350830078125], [887.265380859375, 594.360595703125], [910.3089599609375, 604.4518432617188], [887.265380859375, 601.568603515625], [908.8687744140625, 607.3350830078125], [874.3034057617188, 618.867919921875], [905.9883422851562, 639.0504760742188], [851.259765625, 631.8424072265625], [911.749267578125, 677.973876953125], [864.2218627929688, 614.5430908203125], [940.5537109375, 683.7402954101562], [851.259765625, 686.62353515625], [869.982666015625, 701.0396118164062], [864.2218627929688, 708.2476196289062], [923.27099609375, 726.988525390625], [867.1022338867188, 745.7294311523438], [916.0698852539062, 781.7696533203125]]","[[719, 396], [1197, 396], [656, 597], [1262, 597], [524, 978], [1397, 978]]","[[599, 425], [599, 597], [1320, 597], [1320, 425]]","[795, 109]",None,None
62433,"[[874.94580078125, 379.8993835449219], [877.796630859375, 375.61004638671875], [872.0950317382812, 377.0398254394531], [883.4981079101562, 375.61004638671875], [869.2442626953125, 379.8993835449219], [896.3265380859375, 387.0483093261719], [869.2442626953125, 397.0567932128906], [917.7073364257812, 385.6185302734375], [873.5204467773438, 407.0652770996094], [944.7896728515625, 389.9078674316406], [902.0281372070312, 399.9163513183594], [920.55810546875, 424.2226867675781], [896.3265380859375, 428.51202392578125], [936.2373657226562, 451.38861083984375], [882.07275390625, 454.2481384277344], [953.342041015625, 471.40557861328125], [880.6473388671875, 491.4225769042969]]","[[905.1292724609375, 604.6566772460938], [905.1292724609375, 600.34619140625], [905.1292724609375, 600.34619140625], [882.2711791992188, 600.34619140625], [903.7005615234375, 604.6566772460938], [869.4134521484375, 616.1512451171875], [899.4146728515625, 633.39306640625], [849.41259765625, 627.6458129882812], [900.8433227539062, 672.187255859375], [869.4134521484375, 608.9671020507812], [936.55908203125, 679.371337890625], [846.5553588867188, 686.5554809570312], [862.2703857421875, 696.6132202148438], [867.98486328125, 708.1077880859375], [915.1295776367188, 728.2232666015625], [870.8421020507812, 754.0860595703125], [915.1295776367188, 781.3856201171875]]","[[719, 396], [1197, 396], [656, 597], [1262, 597], [524, 978], [1397, 978]]","[[599, 425], [599, 597], [1320, 597], [1320, 425]]","[793, 97]",None,None
62434,"[[876.1195678710938, 377.6716613769531], [878.9612426757812, 373.3603820800781], [871.8571166992188, 373.3603820800781], [887.4862670898438, 373.3603820800781], [870.436279296875, 376.23455810546875], [901.6945190429688, 384.85711669921875], [873.2780151367188, 394.9167785644531], [917.3236083984375, 386.2942199707031], [871.8571166992188, 406.4135437011719], [934.37353515625, 389.1684265136719], [903.1153564453125, 400.6651611328125], [921.5861206054688, 425.09576416015625], [897.4320678710938, 429.4070739746094], [937.2152099609375, 452.4005432128906], [884.64453125, 453.8376770019531], [952.8443603515625, 471.0827941894531], [878.9612426757812, 491.2021179199219]]","[[903.1051635742188, 601.14306640625], [880.2963256835938, 589.6551513671875], [901.6796264648438, 596.8350830078125], [878.8707275390625, 596.8350830078125], [900.2540283203125, 599.7070922851562], [866.040771484375, 614.0670166015625], [895.9773559570312, 631.2989501953125], [847.508544921875, 622.6829223632812], [895.9773559570312, 671.5067138671875], [868.891845703125, 602.5790405273438], [933.0418701171875, 675.8146362304688], [843.2318115234375, 684.4306030273438], [857.4873657226562, 694.4825439453125], [874.5940551757812, 718.8944091796875], [903.1051635742188, 728.9463500976562], [874.5940551757812, 766.2821044921875], [910.23291015625, 783.5139770507812]]","[[719, 396], [1197, 396], [656, 597], [1262, 597], [524, 978], [1397, 978]]","[[599, 425], [599, 597], [1320, 597], [1320, 425]]","[789, 90]",None,None
62435,"[[881.595947265625, 374.4876708984375], [884.4608154296875, 371.6219482421875], [877.298583984375, 371.6219482421875], [890.1905517578125, 371.6219482421875], [874.4336547851562, 374.4876708984375], [904.5150146484375, 384.5175476074219], [877.298583984375, 393.1145935058594], [918.8394775390625, 387.3832092285156], [873.001220703125, 404.57733154296875], [934.596435546875, 391.6817626953125], [885.8932495117188, 391.6817626953125], [921.7044067382812, 424.6371154785156], [897.352783203125, 428.93560791015625], [937.4612426757812, 451.861083984375], [885.8932495117188, 453.2939147949219], [953.2181396484375, 473.3537292480469], [878.7310180664062, 491.98065185546875]]","[[897.0759887695312, 602.2132568359375], [897.0759887695312, 597.9067993164062], [895.6466674804688, 597.9067993164062], [872.7765502929688, 597.9067993164062], [894.2171630859375, 599.34228515625], [862.7708740234375, 613.6971435546875], [888.4996948242188, 629.487548828125], [844.18896484375, 620.8746337890625], [887.0703125, 672.55224609375], [865.6295776367188, 602.2132568359375], [925.6636352539062, 673.9877319335938], [839.9007568359375, 685.4716796875], [858.4827270507812, 694.0845947265625], [875.63525390625, 727.1008911132812], [901.3641357421875, 734.2783203125], [878.4940185546875, 775.9075317382812], [897.0759887695312, 787.3914184570312]]","[[719, 396], [1197, 396], [656, 597], [1262, 597], [524, 978], [1397, 978]]","[[599, 425], [599, 597], [1320, 597], [1320, 425]]","[785, 84]",None,None
62436,"[[884.863525390625, 372.64642333984375], [889.1309814453125, 368.34600830078125], [882.0186157226562, 369.77947998046875], [894.8209838867188, 369.77947998046875], [879.1736450195312, 372.64642333984375], [909.0458374023438, 384.1142883300781], [879.1736450195312, 391.28167724609375], [931.8056030273438, 394.14862060546875], [877.7511596679688, 402.74951171875], [927.5381469726562, 411.3503723144531], [896.2434692382812, 395.5821228027344], [923.2706909179688, 425.6852111816406], [897.666015625, 428.5521545410156], [937.49560546875, 451.4878234863281], [886.2860717773438, 454.3547668457031], [951.7203979492188, 472.9900207519531], [879.1736450195312, 491.6252746582031]]","[[893.9108276367188, 604.7216796875], [893.9108276367188, 600.4136962890625], [892.4844970703125, 600.4136962890625], [868.2374877929688, 600.4136962890625], [888.2056274414062, 603.28564453125], [856.8271484375, 616.2095947265625], [883.9267578125, 634.8775634765625], [839.7115478515625, 623.3895874023438], [879.6478881835938, 673.6493530273438], [861.1060180664062, 604.7216796875], [921.010498046875, 675.0853881835938], [835.4326782226562, 688.0093383789062], [856.8271484375, 692.3173217773438], [879.6478881835938, 729.6531982421875], [896.7633666992188, 739.7051391601562], [879.6478881835938, 779.9129638671875], [878.2215576171875, 789.9649658203125]]","[[719, 396], [1197, 396], [656, 597], [1262, 597], [524, 978], [1397, 978]]","[[599, 425], [599, 597], [1320, 597], [1320, 425]]","[784, 82]",None,None
62437,"[[884.8096313476562, 372.77557373046875], [889.0753784179688, 368.47760009765625], [881.9658813476562, 369.9102478027344], [894.762939453125, 369.9102478027344], [879.1220703125, 372.77557373046875], [908.9818115234375, 384.23681640625], [879.1220703125, 391.40008544921875], [931.7321166992188, 394.2654113769531], [879.1220703125, 402.861328125], [927.4664306640625, 411.45721435546875], [896.184814453125, 395.6980285644531], [923.2008056640625, 425.7837829589844], [897.6067504882812, 428.64910888671875], [937.4197387695312, 451.5716247558594], [886.2315673828125, 454.4368896484375], [951.6386108398438, 473.0614013671875], [879.1220703125, 491.6859130859375]]","[[893.9420166015625, 603.8466186523438], [893.9420166015625, 599.5252075195312], [892.516357421875, 599.5252075195312], [868.2785034179688, 599.5252075195312], [888.239013671875, 603.8466186523438], [856.8724975585938, 616.810791015625], [883.9618530273438, 634.096435546875], [839.7634887695312, 622.5726928710938], [879.6845092773438, 674.4295654296875], [861.1497192382812, 605.2870483398438], [919.6055297851562, 675.8700561523438], [835.4862670898438, 688.8342895507812], [856.8724975585938, 693.1557006835938], [879.6845092773438, 730.6078491210938], [896.7935791015625, 739.2506713867188], [879.6845092773438, 781.0242309570312], [878.2587890625, 789.6670532226562]]","[[719, 396], [1197, 396], [656, 597], [1262, 597], [524, 978], [1397, 978]]","[[599, 425], [599, 597], [1320, 597], [1320, 425]]","[782, 82]",None,None
62438,"[[887.951904296875, 369.7942199707031], [892.2197265625, 365.4993896484375], [885.106689453125, 365.4993896484375], [897.9100341796875, 366.93096923828125], [882.2615356445312, 369.7942199707031], [913.5586547851562, 382.6786804199219], [882.2615356445312, 389.8367004394531], [929.207275390625, 389.8367004394531], [883.68408203125, 405.58441162109375], [926.362060546875, 407.0159912109375], [914.9812622070312, 399.8579406738281], [924.939453125, 425.62689208984375], [900.7552490234375, 428.4901123046875], [943.4332275390625, 454.2591247558594], [887.951904296875, 454.2591247558594], [951.9688110351562, 481.45965576171875], [879.4163208007812, 491.48089599609375]]","[[887.6641845703125, 607.3536987304688], [886.227783203125, 603.0490112304688], [884.7914428710938, 603.0490112304688], [858.9367065429688, 605.9188232421875], [881.9186401367188, 608.7886352539062], [848.8821411132812, 623.1377563476562], [877.6094970703125, 636.0519409179688], [837.3911743164062, 626.007568359375], [876.1732177734375, 677.664306640625], [854.6275634765625, 611.658447265625], [914.9552612304688, 679.0992431640625], [834.5183715820312, 699.18798828125], [851.7548828125, 702.0578002929688], [889.1005249023438, 723.5814208984375], [890.5369262695312, 745.1051025390625], [883.3550415039062, 789.5872192382812], [857.5003051757812, 791.022216796875]]","[[719, 396], [1197, 396], [656, 597], [1262, 597], [524, 978], [1397, 978]]","[[599, 425], [599, 597], [1320, 597], [1320, 425]]","[778, 79]",None,None
62439,"[[893.4357299804688, 366.4130859375], [897.7273559570312, 362.1028137207031], [890.57470703125, 363.5395812988281], [903.4495239257812, 363.5395812988281], [886.2830810546875, 366.4130859375], [914.8936767578125, 379.3439025878906], [886.2830810546875, 383.6541442871094], [930.6295166015625, 390.8379211425781], [889.1441650390625, 403.7687683105469], [923.4768676757812, 410.9525451660156], [889.1441650390625, 421.00982666015625], [926.3380126953125, 425.3200988769531], [903.4495239257812, 428.193603515625], [944.934814453125, 452.6184997558594], [890.57470703125, 452.6184997558594], [950.656982421875, 481.3536376953125], [880.5609130859375, 489.9741516113281]]","[[880.053955078125, 615.5986938476562], [878.6146240234375, 612.71923828125], [877.1752319335938, 612.71923828125], [852.7066040039062, 614.1589965820312], [874.296630859375, 617.0384521484375], [844.0706176757812, 632.8757934570312], [871.4179077148438, 645.8335571289062], [831.1165771484375, 631.4359741210938], [868.539306640625, 687.5863647460938], [907.4012451171875, 686.1466674804688], [905.9619750976562, 687.5863647460938], [831.1165771484375, 706.3031616210938], [844.0706176757812, 710.6224365234375], [891.5686645507812, 735.0982055664062], [884.3719482421875, 759.5740356445312], [882.9326171875, 802.7666015625], [836.8739013671875, 798.4473876953125]]","[[719, 396], [1197, 396], [656, 597], [1262, 597], [524, 978], [1397, 978]]","[[599, 425], [599, 597], [1320, 597], [1320, 425]]","[774, 80]",None,None
62440,"[[897.7943725585938, 363.35546875], [900.6446533203125, 359.05841064453125], [893.5189208984375, 359.05841064453125], [907.7703857421875, 360.4907531738281], [890.6685791015625, 361.923095703125], [920.5966796875, 376.2465515136719], [890.6685791015625, 377.67889404296875], [930.5726318359375, 396.2994079589844], [896.3692016601562, 396.2994079589844], [919.1715087890625, 410.6228332519531], [893.5189208984375, 419.2168884277344], [930.5726318359375, 419.2168884277344], [909.1954956054688, 422.08160400390625], [943.3989868164062, 447.86383056640625], [894.9440307617188, 450.7284851074219], [951.9498291015625, 479.37542724609375], [882.1177978515625, 485.10479736328125]]","[[874.1141357421875, 620.8084106445312], [872.6865844726562, 617.9302368164062], [871.2591552734375, 617.9302368164062], [846.9913940429688, 623.6866455078125], [869.8316650390625, 625.125732421875], [842.7089233398438, 643.8341064453125], [864.1215209960938, 655.3470458984375], [827.0062255859375, 639.5167846679688], [859.8390502929688, 699.9592895507812], [898.3818969726562, 694.202880859375], [898.3818969726562, 695.6419677734375], [831.288818359375, 717.2286376953125], [845.5639038085938, 718.667724609375], [894.0993041992188, 747.4498901367188], [876.9691772460938, 774.7929077148438], [881.2517700195312, 807.8923950195312], [821.2962036132812, 805.01416015625]]","[[719, 396], [1197, 396], [656, 597], [1262, 597], [524, 978], [1397, 978]]","[[599, 425], [599, 597], [1320, 597], [1320, 425]]","[770, 84]",None,None
62441,"[[900.6458740234375, 358.630126953125], [903.5048217773438, 355.7552795410156], [896.357421875, 355.7552795410156], [912.0816650390625, 357.19268798828125], [894.927978515625, 358.630126953125], [922.0879516601562, 371.5669860839844], [896.357421875, 370.12957763671875], [934.9531860351562, 393.12841796875], [892.0690307617188, 378.7541198730469], [922.0879516601562, 411.8150329589844], [896.357421875, 408.9401550292969], [932.09423828125, 419.00213623046875], [910.6521606445312, 419.00213623046875], [944.95947265625, 447.750732421875], [897.786865234375, 447.750732421875], [952.1068115234375, 477.936767578125], [884.921630859375, 482.24908447265625]]","[[866.0089111328125, 630.345458984375], [866.0089111328125, 627.4764404296875], [864.5693359375, 627.4764404296875], [840.0958251953125, 631.7799682617188], [863.1296997070312, 631.7799682617188], [838.65625, 654.7322998046875], [857.3712768554688, 664.77392578125], [821.3807983398438, 646.1251220703125], [851.61279296875, 704.9403686523438], [831.4581298828125, 641.8215942382812], [887.603271484375, 704.9403686523438], [854.4920043945312, 722.1546020507812], [840.0958251953125, 730.7617797851562], [891.9220581054688, 749.4104614257812], [863.1296997070312, 785.2734375], [881.8447875976562, 808.2257690429688], [809.8638305664062, 816.832763671875]]","[[719, 396], [1197, 396], [656, 597], [1262, 597], [524, 978], [1397, 978]]","[[599, 425], [599, 597], [1320, 597], [1320, 425]]","[767, 92]",None,None
62442,"[[902.0770263671875, 357.433837890625], [906.3389282226562, 353.1215515136719], [899.2357788085938, 354.5589904785156], [914.8627319335938, 355.99639892578125], [896.39453125, 355.99639892578125], [926.2278442382812, 371.8081970214844], [896.39453125, 367.495849609375], [939.0135498046875, 396.2445373535156], [893.5531616210938, 373.24560546875], [927.6484985351562, 410.6188659667969], [894.973876953125, 412.0563049316406], [933.3309936523438, 414.93115234375], [909.18017578125, 413.4937438964844], [941.8547973632812, 442.2424011230469], [897.8151245117188, 442.2424011230469], [951.79931640625, 476.74078369140625], [889.291259765625, 478.17822265625]]","[[857.3009033203125, 640.4818725585938], [855.8754272460938, 636.1663208007812], [854.4500122070312, 636.1663208007812], [831.642578125, 640.4818725585938], [851.5990600585938, 640.4818725585938], [830.2171630859375, 663.498046875], [847.3226928710938, 673.5676879882812], [814.5370483398438, 653.428466796875], [844.4717407226562, 716.7230834960938], [878.6827392578125, 715.2846069335938], [878.6827392578125, 715.2846069335938], [840.1953125, 736.8623046875], [841.620849609375, 742.6163330078125], [888.6610107421875, 752.6859741210938], [847.3226928710938, 792.96435546875], [878.6827392578125, 808.7879638671875], [801.7078857421875, 831.80419921875]]","[[719, 396], [1197, 396], [656, 597], [1262, 597], [524, 978], [1397, 978]]","[[599, 425], [599, 597], [1320, 597], [1320, 425]]","[763, 99]",None,None
62443,"[[902.098876953125, 357.4040222167969], [906.3593139648438, 353.0909423828125], [899.2586059570312, 354.52862548828125], [914.8802490234375, 355.96630859375], [896.4183349609375, 355.96630859375], [926.241455078125, 371.7809143066406], [896.4183349609375, 367.46783447265625], [939.0228271484375, 396.2216491699219], [893.5780639648438, 373.2185974121094], [927.66162109375, 410.5985412597656], [894.9982299804688, 412.0362243652344], [933.3421630859375, 414.9115905761719], [909.19970703125, 413.473876953125], [941.8630981445312, 442.22772216796875], [897.8385009765625, 442.22772216796875], [951.8040771484375, 476.73223876953125], [889.3175659179688, 478.169921875]]","[[857.3523559570312, 640.4007568359375], [855.9251708984375, 636.0831909179688], [854.4979248046875, 636.0831909179688], [831.6627807617188, 640.4007568359375], [851.6435546875, 640.4007568359375], [831.6627807617188, 663.427978515625], [845.934814453125, 673.5023803710938], [814.5364379882812, 653.3535766601562], [844.5075073242188, 716.6783447265625], [878.7603149414062, 715.2391967773438], [878.7603149414062, 715.2391967773438], [840.2260131835938, 736.8271484375], [840.2260131835938, 742.5839233398438], [888.7506713867188, 752.6583862304688], [847.3619384765625, 792.9559326171875], [878.7603149414062, 808.7871704101562], [801.691650390625, 831.8143310546875]]","[[719, 396], [1197, 396], [656, 597], [1262, 597], [524, 978], [1397, 978]]","[[599, 425], [599, 597], [1320, 597], [1320, 425]]","[763, 99]",None,None
62444,"[[906.7433471679688, 355.13433837890625], [909.5916748046875, 350.8125305175781], [903.8948974609375, 350.8125305175781], [916.7127075195312, 353.6937561035156], [899.622314453125, 352.25311279296875], [926.6820678710938, 368.0998229980469], [898.1981201171875, 365.2185974121094], [940.9240112304688, 386.8277587890625], [899.622314453125, 388.26837158203125], [938.0756225585938, 406.99627685546875], [895.3497924804688, 408.4368896484375], [932.3787841796875, 408.4368896484375], [913.8642578125, 408.4368896484375], [942.3482055664062, 440.1302795410156], [901.0465087890625, 432.9272155761719], [952.3175659179688, 476.14544677734375], [895.3497924804688, 471.8236389160156]]","[[850.9547729492188, 646.6677856445312], [849.52880859375, 643.7991943359375], [846.6770629882812, 643.7991943359375], [823.8624267578125, 648.10205078125], [842.3992919921875, 648.10205078125], [823.8624267578125, 671.0506591796875], [838.12158203125, 681.0906372070312], [805.3255004882812, 661.0106201171875], [832.4179077148438, 726.98779296875], [815.3069458007812, 655.2734375], [872.3434448242188, 721.2506713867188], [828.14013671875, 741.3306274414062], [829.5661010742188, 742.764892578125], [880.8990478515625, 754.2391967773438], [833.8438110351562, 798.7021484375], [878.0471801757812, 810.1763305664062], [793.918212890625, 850.33642578125]]","[[719, 396], [1197, 396], [656, 597], [1262, 597], [524, 978], [1397, 978]]","[[599, 425], [599, 597], [1320, 597], [1320, 425]]","[757, 112]",None,None
62445,"[[909.2398681640625, 353.6548156738281], [913.5152587890625, 350.7889709472656], [906.3896484375, 350.7889709472656], [919.2157592773438, 353.6548156738281], [902.1142578125, 352.2218933105469], [929.191650390625, 366.551025390625], [899.2639770507812, 365.1181335449219], [943.44287109375, 386.61187744140625], [897.8388061523438, 386.61187744140625], [933.4669799804688, 402.3739318847656], [894.9886474609375, 406.67266845703125], [936.3171997070312, 402.3739318847656], [914.9403686523438, 402.3739318847656], [942.0177001953125, 433.8980407714844], [899.2639770507812, 426.73345947265625], [953.4187622070312, 472.5867614746094], [897.8388061523438, 468.28802490234375]]","[[841.254150390625, 656.1276245117188], [838.385986328125, 651.80859375], [838.385986328125, 654.68798828125], [809.7047729492188, 656.1276245117188], [835.5179443359375, 656.1276245117188], [814.0069580078125, 679.1624755859375], [825.4794921875, 690.6798706054688], [838.385986328125, 720.9130249023438], [822.6113891601562, 732.4304809570312], [867.0673217773438, 722.3527221679688], [865.6331787109375, 723.7924194335938], [825.4794921875, 742.5081787109375], [815.4411010742188, 752.5858764648438], [865.6331787109375, 749.7066040039062], [824.04541015625, 807.2935791015625], [881.4078979492188, 807.2935791015625], [781.0235595703125, 864.880615234375]]","[[719, 396], [1197, 396], [656, 597], [1262, 597], [524, 978], [1397, 978]]","[[599, 425], [599, 597], [1320, 597], [1320, 425]]","[752, 125]",None,None
62446,"[[911.5558471679688, 355.53997802734375], [914.4010620117188, 351.242431640625], [907.2879638671875, 351.242431640625], [921.5142211914062, 354.1074523925781], [904.442626953125, 354.1074523925781], [931.4725952148438, 367.0001220703125], [900.1748657226562, 365.567626953125], [945.6989135742188, 388.4879455566406], [898.7521362304688, 385.6229248046875], [949.9666748046875, 411.4082946777344], [894.4842529296875, 407.1107482910156], [937.1630859375, 401.38067626953125], [915.82373046875, 401.38067626953125], [942.8535766601562, 432.8960876464844], [898.7521362304688, 424.30096435546875], [957.0798950195312, 465.8440856933594], [898.7521362304688, 462.9790344238281]]","[[829.17919921875, 663.044189453125], [827.7523803710938, 658.7396240234375], [826.325439453125, 658.7396240234375], [800.6416625976562, 661.6093139648438], [822.0447998046875, 661.6093139648438], [800.6416625976562, 686.0017700195312], [814.9104614257812, 693.176025390625], [829.17919921875, 726.1775512695312], [819.1911010742188, 731.9169311523438], [854.863037109375, 721.8729858398438], [857.7167358398438, 721.8729858398438], [812.0567016601562, 752.0048217773438], [809.2030029296875, 759.1790771484375], [854.863037109375, 757.7442016601562], [842.0211181640625, 740.5260620117188], [877.6930541992188, 797.9200439453125], [777.8115844726562, 868.2276611328125]]","[[719, 396], [1197, 396], [656, 597], [1262, 597], [524, 978], [1397, 978]]","[[599, 425], [599, 597], [1320, 597], [1320, 425]]","[750, 140]",None,None
62447,"[[911.9834594726562, 357.44635009765625], [916.2848510742188, 353.1599426269531], [909.1159057617188, 353.1599426269531], [923.4537353515625, 356.01751708984375], [904.8145141601562, 354.5887451171875], [933.4902954101562, 368.87677001953125], [901.9469604492188, 366.0191650390625], [949.2619018554688, 387.4512023925781], [897.6456298828125, 387.4512023925781], [937.7915649414062, 403.16802978515625], [894.778076171875, 406.025634765625], [937.7915649414062, 403.16802978515625], [916.2848510742188, 403.16802978515625], [944.9605102539062, 434.6016540527344], [899.079345703125, 426.02886962890625], [960.7322387695312, 463.1777648925781], [897.6456298828125, 457.4625244140625]]","[[815.400634765625, 658.6710815429688], [815.400634765625, 652.927490234375], [813.9710083007812, 654.3634643554688], [785.3779296875, 661.5428466796875], [808.2523803710938, 658.6710815429688], [789.6669311523438, 688.8248901367188], [802.5338134765625, 691.6967163085938], [815.400634765625, 723.286376953125], [813.9710083007812, 726.1581420898438], [843.99365234375, 708.9274291992188], [841.1343383789062, 710.36328125], [798.244873046875, 754.8760375976562], [803.9634399414062, 759.1836547851562], [843.99365234375, 753.4400634765625], [843.99365234375, 753.4400634765625], [861.1494750976562, 795.0810546875], [776.800048828125, 869.74755859375]]","[[719, 396], [1197, 396], [656, 597], [1262, 597], [524, 978], [1397, 978]]","[[599, 425], [599, 597], [1320, 597], [1320, 425]]","[744, 159]",None,None
62448,"[[913.3959350585938, 359.2384948730469], [917.69775390625, 356.3769226074219], [910.5279541015625, 356.3769226074219], [924.86767578125, 357.8077392578125], [906.22607421875, 356.3769226074219], [934.9053955078125, 370.68475341796875], [904.7921142578125, 369.25396728515625], [952.1130981445312, 387.8541564941406], [900.4901733398438, 387.8541564941406], [963.5847778320312, 405.0235900878906], [894.7542724609375, 406.4543151855469], [939.2073364257812, 406.4543151855469], [916.2637939453125, 406.4543151855469], [946.377197265625, 436.5008239746094], [899.05615234375, 429.34686279296875], [963.5847778320312, 466.5472717285156], [891.8863525390625, 456.53179931640625]]","[[800.3887939453125, 650.0529174804688], [798.9508056640625, 645.7368774414062], [797.5128173828125, 647.1755981445312], [771.6294555664062, 654.3690185546875], [793.1989135742188, 650.0529174804688], [781.6951904296875, 675.9492797851562], [790.3230590820312, 678.82666015625], [803.2646484375, 711.9164428710938], [801.8267822265625, 714.7937622070312], [827.7101440429688, 688.8974609375], [826.2721557617188, 693.2135009765625], [787.4470825195312, 746.4448852539062], [793.1989135742188, 749.3222045898438], [809.0166015625, 808.3082885742188], [809.0166015625, 808.3082885742188], [774.50537109375, 870.1717529296875], [777.38134765625, 870.1717529296875]]","[[719, 396], [1197, 396], [656, 597], [1262, 597], [524, 978], [1397, 978]]","[[599, 425], [599, 597], [1320, 597], [1320, 425]]","[742, 182]",None,None
62449,"[[913.3843994140625, 359.2220153808594], [917.6871337890625, 356.35858154296875], [910.5159912109375, 356.35858154296875], [924.858154296875, 357.7903137207031], [906.21337890625, 356.35858154296875], [934.897705078125, 370.6757507324219], [904.7791748046875, 369.2440185546875], [952.1082763671875, 387.8562927246094], [900.4765014648438, 387.8562927246094], [963.5819091796875, 405.03692626953125], [894.7396240234375, 406.4686279296875], [939.2003173828125, 406.4686279296875], [916.2528076171875, 406.4686279296875], [946.371337890625, 436.53466796875], [899.0422973632812, 429.3760986328125], [963.5819091796875, 466.60064697265625], [891.8712158203125, 456.5786437988281]]","[[799.9989013671875, 650.2516479492188], [799.9989013671875, 645.938720703125], [797.1219482421875, 645.938720703125], [771.2296752929688, 654.5645751953125], [792.8065795898438, 650.2516479492188], [782.7373046875, 676.129150390625], [791.3681640625, 679.0045166015625], [766.914306640625, 650.2516479492188], [801.4373168945312, 714.9454956054688], [828.7680053710938, 689.0679931640625], [827.32958984375, 691.9432373046875], [787.0526733398438, 745.135986328125], [794.2449951171875, 749.4489135742188], [808.6295776367188, 806.95458984375], [808.6295776367188, 808.3921508789062], [776.9835205078125, 868.7731323242188], [778.4219360351562, 868.7731323242188]]","[[719, 396], [1197, 396], [656, 597], [1262, 597], [524, 978], [1397, 978]]","[[599, 425], [599, 597], [1320, 597], [1320, 425]]","[742, 182]",None,None
62450,"[[916.6658325195312, 361.36578369140625], [919.513427734375, 358.4820556640625], [913.8181762695312, 358.4820556640625], [926.6323852539062, 359.9239196777344], [908.123046875, 358.4820556640625], [933.7514038085938, 372.9007263183594], [905.2754516601562, 372.9007263183594], [952.2608032226562, 388.7611999511719], [899.5802001953125, 390.2030944824219], [965.0750122070312, 403.1799011230469], [893.8850708007812, 407.5054931640625], [940.870361328125, 408.94732666015625], [919.513427734375, 408.94732666015625], [945.1417846679688, 436.3428039550781], [899.5802001953125, 430.5753173828125], [963.6511840820312, 466.6219482421875], [888.1898193359375, 456.52886962890625]]","[[786.4459228515625, 637.1119995117188], [785.0097045898438, 629.9146728515625], [782.1370849609375, 631.3541259765625], [759.1561889648438, 641.430419921875], [779.264404296875, 637.1119995117188], [786.4459228515625, 657.2646484375], [777.828125, 667.3409423828125], [800.8089599609375, 673.0988159179688], [787.8822021484375, 699.0093383789062], [810.8630981445312, 665.9014282226562], [803.681640625, 674.5382690429688], [786.4459228515625, 732.1171875], [787.8822021484375, 736.4356079101562], [828.0987548828125, 736.4356079101562], [828.0987548828125, 736.4356079101562], [803.681640625, 795.4539184570312], [779.264404296875, 861.6696166992188]]","[[719, 396], [1197, 396], [656, 597], [1262, 597], [524, 978], [1397, 978]]","[[599, 425], [599, 597], [1320, 597], [1320, 425]]","[737, 202]",None,None
62451,"[[916.3513793945312, 362.57763671875], [920.6468505859375, 359.6995849609375], [913.4877319335938, 359.6995849609375], [926.3741455078125, 361.13861083984375], [907.760498046875, 359.6995849609375], [933.533203125, 374.08978271484375], [903.4649658203125, 372.6507873535156], [950.715087890625, 387.041015625], [899.1695556640625, 391.3580627441406], [967.8969116210938, 404.3092346191406], [893.4422607421875, 408.6263122558594], [937.8286743164062, 411.5043640136719], [917.783203125, 411.5043640136719], [943.5560302734375, 435.96771240234375], [899.1695556640625, 433.08966064453125], [963.6015014648438, 466.1871337890625], [890.5785522460938, 453.2359313964844]]","[[774.5569458007812, 626.3162231445312], [771.6885375976562, 620.5677490234375], [770.2543334960938, 624.8790893554688], [745.8724975585938, 629.1904907226562], [765.95166015625, 629.1904907226562], [777.4254760742188, 644.9988403320312], [763.083251953125, 657.9329833984375], [740.1355590820312, 609.0707397460938], [774.5569458007812, 686.6754760742188], [744.4382934570312, 577.4539184570312], [790.33349609375, 656.495849609375], [787.4650268554688, 725.4779052734375], [787.4650268554688, 729.7892456054688], [781.7281494140625, 791.5856323242188], [784.5965576171875, 791.5856323242188], [781.7281494140625, 844.75927734375], [781.7281494140625, 846.1964111328125]]","[[719, 396], [1197, 396], [656, 597], [1262, 597], [524, 978], [1397, 978]]","[[599, 425], [599, 597], [1320, 597], [1320, 425]]","[733, 227]",None,None
62452,"[[914.7612915039062, 362.81451416015625], [919.0401000976562, 359.9566650390625], [911.9088134765625, 359.9566650390625], [924.7451782226562, 361.3855895996094], [907.6299438476562, 361.3855895996094], [933.3028564453125, 374.2460021972656], [903.3511352539062, 374.2460021972656], [948.9918212890625, 384.2485656738281], [896.2197265625, 391.3932189941406], [963.2545776367188, 397.1089782714844], [891.9409790039062, 411.3983459472656], [937.5816650390625, 409.96942138671875], [916.1876220703125, 409.96942138671875], [941.8604736328125, 435.6902160644531], [897.6460571289062, 431.4034423828125], [963.2545776367188, 467.1268005371094], [893.3672485351562, 452.8374328613281]]","[[764.0808715820312, 616.3430786132812], [758.3506469726562, 607.7025146484375], [755.4855346679688, 609.142578125], [733.9971923828125, 617.7831420898438], [754.0529174804688, 616.3430786132812], [768.3785400390625, 632.1841430664062], [748.3226928710938, 649.4652709960938], [726.8344116210938, 601.942138671875], [759.7831420898438, 678.2672119140625], [729.6995239257812, 555.8590087890625], [776.973876953125, 645.14501953125], [764.0808715820312, 704.18896484375], [784.1366577148438, 712.8295288085938], [779.8389282226562, 758.91259765625], [785.5691528320312, 781.9541625976562], [764.0808715820312, 793.4749145507812], [774.1087036132812, 838.1179809570312]]","[[719, 396], [1197, 396], [656, 597], [1262, 597], [524, 978], [1397, 978]]","[[599, 425], [599, 597], [1320, 597], [1320, 425]]","[729, 249]",None,None
62453,"[[911.837158203125, 362.61065673828125], [916.1176147460938, 359.7343444824219], [908.9835205078125, 359.7343444824219], [923.251708984375, 361.1725158691406], [904.7030639648438, 359.7343444824219], [934.6663208007812, 372.6776123046875], [900.4224853515625, 372.6776123046875], [948.9346313476562, 382.74462890625], [894.7152099609375, 391.3734436035156], [961.7760009765625, 395.6878662109375], [890.4347534179688, 411.5074462890625], [936.0931396484375, 408.63116455078125], [914.6907958984375, 408.63116455078125], [943.2272338867188, 433.0795593261719], [896.1420288085938, 424.45068359375], [963.2028198242188, 466.1567687988281], [893.2883911132812, 453.2135314941406]]","[[746.5913696289062, 603.0664672851562], [743.7158813476562, 598.7432861328125], [742.2781982421875, 600.184326171875], [722.1502075195312, 618.9181518554688], [740.8404541015625, 608.8306884765625], [756.6553344726562, 620.3592529296875], [737.9650268554688, 643.416259765625], [768.1571044921875, 639.0930786132812], [743.7158813476562, 669.3554077148438], [717.8370361328125, 561.275634765625], [760.968505859375, 636.2109375], [766.7193603515625, 716.9104614257812], [778.2210693359375, 696.735595703125], [773.9078979492188, 741.4086303710938], [792.5982055664062, 768.7887573242188], [748.029052734375, 783.199462890625], [763.8439331054688, 820.6670532226562]]","[[719, 396], [1197, 396], [656, 597], [1262, 597], [524, 978], [1397, 978]]","[[599, 425], [599, 597], [1320, 597], [1320, 425]]","[727, 274]",None,None
62454,"[[911.6884155273438, 360.9364929199219], [914.5297241210938, 358.0647888183594], [908.8469848632812, 358.0647888183594], [921.6331787109375, 358.0647888183594], [904.5848999023438, 358.0647888183594], [934.4193725585938, 368.1158142089844], [900.3228759765625, 369.5516662597656], [945.7848510742188, 378.1668395996094], [893.219482421875, 391.0896301269531], [954.30908203125, 386.78204345703125], [888.9573974609375, 411.191650390625], [935.840087890625, 404.0123596191406], [913.1090698242188, 405.4482116699219], [947.2056274414062, 429.8578796386719], [894.64013671875, 421.2427062988281], [962.8331298828125, 464.318603515625], [893.219482421875, 452.8316955566406]]","[[712.3746948242188, 620.0034790039062], [712.3746948242188, 614.2599487304688], [709.5281982421875, 615.6958618164062], [719.4907836914062, 609.9523315429688], [730.8766479492188, 605.6447143554688], [739.4159545898438, 609.9523315429688], [747.955322265625, 620.0034790039062], [743.6856689453125, 627.1829223632812], [730.8766479492188, 663.0799560546875], [732.2998657226562, 651.5928955078125], [743.6856689453125, 635.7982177734375], [749.3785400390625, 665.9517211914062], [773.5734252929688, 676.0029296875], [753.648193359375, 732.0023193359375], [786.3824462890625, 753.5405883789062], [730.8766479492188, 780.822265625], [763.6107788085938, 810.975830078125]]","[[719, 396], [1197, 396], [656, 597], [1262, 597], [524, 978], [1397, 978]]","[[599, 425], [599, 597], [1320, 597], [1320, 425]]","[724, 306]",None,None
62455,"[[911.6451416015625, 360.9878234863281], [914.4873046875, 358.1194152832031], [908.8030395507812, 358.1194152832031], [921.5926513671875, 358.1194152832031], [904.5398559570312, 358.1194152832031], [934.3821411132812, 368.15887451171875], [900.2766723632812, 369.59307861328125], [945.7506713867188, 378.19830322265625], [893.17138671875, 391.1062316894531], [954.2770385742188, 385.369384765625], [890.3292236328125, 411.18511962890625], [935.8031616210938, 404.01409912109375], [914.4873046875, 405.44830322265625], [947.1716918945312, 429.8298645019531], [894.5924072265625, 421.2245788574219], [962.8033447265625, 464.2508239746094], [893.17138671875, 452.7771301269531]]","[[712.3682250976562, 620.086181640625], [712.3682250976562, 614.3447875976562], [709.5221557617188, 614.3447875976562], [719.4832763671875, 610.0386962890625], [730.867431640625, 605.732666015625], [739.4055786132812, 610.0386962890625], [747.943603515625, 620.086181640625], [743.674560546875, 627.2630004882812], [730.867431640625, 663.1467895507812], [732.2904052734375, 651.6640014648438], [743.674560546875, 635.8750610351562], [749.3666381835938, 666.0174560546875], [773.5579223632812, 674.629638671875], [753.6356811523438, 732.043701171875], [786.3650512695312, 753.5740356445312], [730.867431640625, 780.845703125], [763.5968017578125, 810.9881591796875]]","[[719, 396], [1197, 396], [656, 597], [1262, 597], [524, 978], [1397, 978]]","[[599, 425], [599, 597], [1320, 597], [1320, 425]]","[724, 307]",None,None
62456,"[[912.4103393554688, 357.3977355957031], [915.2908935546875, 354.5325927734375], [908.0895385742188, 354.5325927734375], [921.052001953125, 354.5325927734375], [903.7687377929688, 355.9651794433594], [932.5741577148438, 363.12799072265625], [899.4478759765625, 365.9931335449219], [946.9768676757812, 371.723388671875], [892.2465209960938, 388.9142150878906], [954.17822265625, 380.31878662109375], [889.365966796875, 410.4027099609375], [935.4547119140625, 401.8072814941406], [912.4103393554688, 403.2398681640625], [951.2976684570312, 426.16094970703125], [892.2465209960938, 421.8631896972656], [964.2601318359375, 460.54254150390625], [893.6868286132812, 451.9471435546875]]","[[698.8060913085938, 619.77099609375], [700.2431030273438, 614.0320434570312], [695.9321899414062, 614.0320434570312], [704.553955078125, 608.2930908203125], [714.6127319335938, 599.6846923828125], [723.2344970703125, 615.466796875], [731.8563232421875, 615.466796875], [720.360595703125, 616.9015502929688], [734.730224609375, 658.5087280273438], [721.7975463867188, 628.3793334960938], [720.360595703125, 652.769775390625], [750.536865234375, 667.1171264648438], [776.4021606445312, 671.4213256835938], [730.4193725585938, 743.157958984375], [773.5281982421875, 754.6357421875], [708.8648681640625, 799.112548828125], [767.7803955078125, 816.3292846679688]]","[[719, 396], [1197, 396], [656, 597], [1262, 597], [524, 978], [1397, 978]]","[[599, 425], [599, 597], [1320, 597], [1320, 425]]","[722, 335]",None,None
62457,"[[911.1172485351562, 354.29119873046875], [915.4315795898438, 351.4271240234375], [908.2410278320312, 351.4271240234375], [921.1840209960938, 351.4271240234375], [903.9266967773438, 352.8591613769531], [931.2507934570312, 361.45135498046875], [898.1741943359375, 364.3154296875], [945.6318969726562, 365.7474365234375], [892.4217529296875, 375.77166748046875], [954.2606201171875, 378.6357421875], [889.5455932617188, 401.54827880859375], [934.1270141601562, 395.8201599121094], [911.1172485351562, 397.2521667480469], [947.070068359375, 415.86859130859375], [890.983642578125, 415.86859130859375], [965.7654418945312, 454.5334167480469], [892.4217529296875, 447.373291015625]]","[[673.543212890625, 611.5052490234375], [676.39892578125, 605.764892578125], [673.543212890625, 604.3297729492188], [680.682373046875, 610.0701904296875], [693.5330200195312, 601.4595947265625], [696.388671875, 620.1157836914062], [734.9404296875, 620.1157836914062], [737.796142578125, 624.4210815429688], [742.0796508789062, 624.4210815429688], [697.8165283203125, 620.1157836914062], [767.7808227539062, 655.9931030273438], [740.6517944335938, 668.9089965820312], [769.208740234375, 668.9089965820312], [716.3784790039062, 737.7935180664062], [770.6365356445312, 753.5794677734375], [692.1051635742188, 796.6322631835938], [772.0643920898438, 813.8533935546875]]","[[719, 396], [1197, 396], [656, 597], [1262, 597], [524, 978], [1397, 978]]","[[599, 425], [599, 597], [1320, 597], [1320, 425]]","[718, 367]",None,None
62458,"[[910.7960815429688, 352.7221984863281], [915.114013671875, 348.3973083496094], [907.91748046875, 349.83892822265625], [920.8711547851562, 349.83892822265625], [903.5995483398438, 349.83892822265625], [930.9462890625, 359.9303283691406], [896.4031372070312, 361.3719482421875], [946.778564453125, 364.2552185058594], [890.6459350585938, 375.78826904296875], [955.414306640625, 378.6714782714844], [889.2066040039062, 397.41265869140625], [933.8248901367188, 390.20452880859375], [910.7960815429688, 390.20452880859375], [949.6571655273438, 414.7121887207031], [890.6459350585938, 410.3873291015625], [971.24658203125, 450.7529296875], [890.6459350585938, 444.9864196777344]]","[[684.6621704101562, 589.9580078125], [660.2024536132812, 608.6805419921875], [680.3457641601562, 592.83837890625], [674.5905151367188, 611.5609130859375], [678.9069213867188, 607.2402954101562], [687.5397338867188, 636.044189453125], [690.4173583984375, 631.7236328125], [735.0203247070312, 623.0824584960938], [720.6322631835938, 669.168701171875], [758.0411987304688, 647.5657348632812], [716.3158569335938, 637.484375], [727.8262939453125, 682.13037109375], [755.1636352539062, 676.36962890625], [699.0501708984375, 742.6185302734375], [773.8681030273438, 749.8195190429688], [673.1517333984375, 800.2262573242188], [775.306884765625, 816.0684204101562]]","[[719, 396], [1197, 396], [656, 597], [1262, 597], [524, 978], [1397, 978]]","[[599, 425], [599, 597], [1320, 597], [1320, 425]]","[716, 397]",None,None
62459,"[[911.9121704101562, 352.9723205566406], [914.7896118164062, 348.6549072265625], [907.5960083007812, 348.6549072265625], [920.5445556640625, 350.09405517578125], [903.2797241210938, 350.09405517578125], [930.61572265625, 358.7288818359375], [896.0861206054688, 360.16802978515625], [946.4417724609375, 363.0462951660156], [888.8923950195312, 373.1202392578125], [955.0741577148438, 377.4376525878906], [888.8923950195312, 396.146484375], [933.4931640625, 387.5116271972656], [910.4734497070312, 388.9507751464844], [950.7579956054688, 413.4161071777344], [888.8923950195312, 409.09869384765625], [975.2164306640625, 447.9554138183594], [886.0149536132812, 442.1988525390625]]","[[668.6199340820312, 599.3009643554688], [670.0536499023438, 599.3009643554688], [670.0536499023438, 602.1725463867188], [652.8488159179688, 623.7088012695312], [671.4874267578125, 612.2227783203125], [678.6561279296875, 645.2451782226562], [703.0296020507812, 609.3512573242188], [684.3910522460938, 663.9099731445312], [717.366943359375, 576.3289184570312], [776.150146484375, 806.0496826171875], [776.150146484375, 806.0496826171875], [714.4994506835938, 694.0608520507812], [744.6079711914062, 688.3178100585938], [684.3910522460938, 745.7479858398438], [779.017578125, 744.312255859375], [661.4512329101562, 806.0496826171875], [776.150146484375, 811.792724609375]]","[[719, 396], [1197, 396], [656, 597], [1262, 597], [524, 978], [1397, 978]]","[[599, 425], [599, 597], [1320, 597], [1320, 425]]","[720, 413]",None,None
62460,"[[911.4063110351562, 351.64471435546875], [914.2581176757812, 348.765625], [908.5545043945312, 348.765625], [919.961669921875, 350.2051696777344], [902.850830078125, 350.2051696777344], [931.3689575195312, 360.28192138671875], [897.147216796875, 360.28192138671875], [945.6280517578125, 363.1610107421875], [890.0177001953125, 376.11688232421875], [955.609375, 378.9959411621094], [887.1658935546875, 394.8308410644531], [935.6466064453125, 390.51226806640625], [912.8321533203125, 390.51226806640625], [957.0352172851562, 417.8634948730469], [888.5918579101562, 409.22625732421875], [978.423828125, 443.775146484375], [881.4622802734375, 440.8961181640625]]","[[661.6986083984375, 608.3954467773438], [657.4091186523438, 606.9542846679688], [658.8389282226562, 609.836669921875], [645.9705200195312, 631.4547729492188], [660.268798828125, 618.48388671875], [670.2775268554688, 650.1904296875], [686.0055541992188, 618.48388671875], [711.7423095703125, 595.4246215820312], [711.7423095703125, 593.9833984375], [643.1109008789062, 618.48388671875], [716.0317993164062, 572.3653564453125], [704.5932006835938, 706.3974609375], [734.6194458007812, 700.6326293945312], [671.7073364257812, 751.0747680664062], [780.3737182617188, 738.10400390625], [647.400390625, 813.046630859375], [771.7947387695312, 802.9581909179688]]","[[719, 396], [1197, 396], [656, 597], [1262, 597], [524, 978], [1397, 978]]","[[599, 425], [599, 597], [1320, 597], [1320, 425]]","[724, 429]",bottom,smash
62461,"[[911.43505859375, 351.80224609375], [914.2901000976562, 348.9279479980469], [908.5798950195312, 348.9279479980469], [920.0003051757812, 350.3650817871094], [904.2973022460938, 350.3650817871094], [929.9930419921875, 358.9879455566406], [897.1596069335938, 360.42510986328125], [945.6959838867188, 363.29937744140625], [891.4494018554688, 374.7965087890625], [955.6887817382812, 379.10791015625], [887.1668701171875, 394.9164733886719], [935.7032470703125, 390.6050720214844], [912.862548828125, 390.6050720214844], [957.1162719726562, 417.9107666015625], [888.5943603515625, 409.2879333496094], [978.5294189453125, 443.779296875], [881.4566650390625, 440.9050598144531]]","[[663.0863647460938, 609.289794921875], [657.3667602539062, 607.8535766601562], [658.796630859375, 610.72607421875], [645.927490234375, 630.8339233398438], [660.2265625, 617.907470703125], [670.2359008789062, 650.941650390625], [685.9647827148438, 619.3436889648438], [711.7030639648438, 594.9271240234375], [711.7030639648438, 594.9271240234375], [643.0676879882812, 619.3436889648438], [715.9927978515625, 571.94677734375], [704.5535888671875, 706.9562377929688], [734.58154296875, 701.2111206054688], [671.665771484375, 750.0443115234375], [780.3384399414062, 738.5541381835938], [647.357421875, 813.2401733398438], [771.759033203125, 803.1863403320312]]","[[719, 396], [1197, 396], [656, 597], [1262, 597], [524, 978], [1397, 978]]","[[599, 425], [599, 597], [1320, 597], [1320, 425]]","[725, 427]",None,None
62462,"[[911.0643920898438, 353.6460266113281], [913.934814453125, 350.788330078125], [908.1940307617188, 350.788330078125], [921.1109008789062, 350.788330078125], [903.8883666992188, 352.2171936035156], [931.1573486328125, 362.2191162109375], [898.1475830078125, 363.6479797363281], [945.5094604492188, 365.07684326171875], [889.5362548828125, 383.65185546875], [955.555908203125, 379.36529541015625], [883.7954711914062, 403.6557312011719], [935.4629516601562, 392.2249450683594], [911.0643920898438, 392.2249450683594], [956.9910888671875, 417.9442138671875], [888.10107421875, 413.65765380859375], [979.9544677734375, 440.8057861328125], [879.4898681640625, 437.94805908203125]]","[[652.62255859375, 616.8450927734375], [648.3286743164062, 616.8450927734375], [648.3286743164062, 618.2843627929688], [638.3095092773438, 636.9952392578125], [648.3286743164062, 624.04150390625], [678.3861083984375, 628.3594360351562], [676.954833984375, 628.3594360351562], [709.8749389648438, 615.40576171875], [709.8749389648438, 613.9664916992188], [634.0155639648438, 815.4680786132812], [729.9132080078125, 589.4984130859375], [696.9931030273438, 714.71728515625], [721.3253784179688, 700.3242797851562], [662.6417236328125, 763.6533813476562], [775.7150268554688, 734.867431640625], [632.5842895507812, 819.7859497070312], [765.6959228515625, 801.0750732421875]]","[[719, 396], [1197, 396], [656, 597], [1262, 597], [524, 978], [1397, 978]]","[[599, 425], [599, 597], [1320, 597], [1320, 425]]","[729, 424]",None,None
62463,"[[910.5355834960938, 357.1396484375], [913.3900146484375, 354.2848205566406], [907.68115234375, 354.2848205566406], [920.5260620117188, 354.2848205566406], [903.3995971679688, 355.71221923828125], [931.9437255859375, 364.2767639160156], [899.1179809570312, 365.70416259765625], [946.2158203125, 368.5589904785156], [889.1275024414062, 388.5428466796875], [956.206298828125, 387.1154479980469], [881.991455078125, 409.9541931152344], [936.225341796875, 395.67999267578125], [913.3900146484375, 395.67999267578125], [959.0606689453125, 419.9461364746094], [891.98193359375, 418.5186767578125], [981.89599609375, 438.5025634765625], [874.8554077148438, 435.647705078125]]","[[647.43017578125, 622.6738891601562], [641.7060546875, 622.6738891601562], [640.2750854492188, 625.5472412109375], [627.3958129882812, 644.2242431640625], [641.7060546875, 632.730712890625], [645.9992065429688, 665.7745361328125], [676.05078125, 639.9141845703125], [650.2922973632812, 785.0197143554688], [717.5507202148438, 635.6041259765625], [618.8096313476562, 828.1203002929688], [737.5851440429688, 626.9839477539062], [686.0679931640625, 730.425537109375], [714.6886596679688, 716.0586547851562], [656.0164184570312, 777.8362426757812], [771.9298706054688, 731.8621826171875], [618.8096313476562, 828.1203002929688], [764.774658203125, 795.0764770507812]]","[[719, 396], [1197, 396], [656, 597], [1262, 597], [524, 978], [1397, 978]]","[[599, 425], [599, 597], [1320, 597], [1320, 425]]","[733, 422]",None,None
62464,"[[911.566650390625, 362.257568359375], [914.4409790039062, 359.3789978027344], [908.6924438476562, 359.3789978027344], [923.0637817382812, 359.3789978027344], [904.3809204101562, 359.3789978027344], [931.6865844726562, 368.01470947265625], [901.5067138671875, 369.4540100097656], [947.4951171875, 380.96826171875], [888.5723876953125, 389.6039733886719], [960.429443359375, 402.55755615234375], [882.8239135742188, 409.75396728515625], [937.4351806640625, 399.6789855957031], [914.4409790039062, 401.1182861328125], [957.5551147460938, 421.2682189941406], [897.1953125, 419.8289489746094], [984.8607788085938, 438.5396423339844], [874.2010498046875, 437.1003723144531]]","[[642.5048828125, 636.4844360351562], [622.36083984375, 652.3209838867188], [636.7493896484375, 636.4844360351562], [623.7996826171875, 655.2003784179688], [639.6271362304688, 642.2432250976562], [639.6271362304688, 682.554443359375], [674.15966796875, 655.2003784179688], [639.6271362304688, 804.9278564453125], [708.6922607421875, 669.5972900390625], [744.6636352539062, 660.9591064453125], [744.6636352539062, 660.9591064453125], [678.4762573242188, 745.900634765625], [708.6922607421875, 730.0640869140625], [648.26025390625, 794.8500366210938], [764.8075561523438, 734.3831176757812], [609.4111328125, 852.4374389648438], [760.4910278320312, 794.8500366210938]]","[[719, 396], [1197, 396], [656, 597], [1262, 597], [524, 978], [1397, 978]]","[[599, 425], [599, 597], [1320, 597], [1320, 425]]","[737, 420]",None,None
62465,"[[912.2296142578125, 368.2224426269531], [915.1024169921875, 363.94073486328125], [909.3568115234375, 365.36798095703125], [923.7207641601562, 363.94073486328125], [906.4840087890625, 366.7951965332031], [933.7755737304688, 375.3586120605469], [903.6111450195312, 376.78582763671875], [949.575927734375, 391.05816650390625], [889.2471923828125, 396.7671203613281], [959.6307373046875, 405.3304748535156], [880.62890625, 413.8938903808594], [938.0847778320312, 405.3304748535156], [915.1024169921875, 405.3304748535156], [959.6307373046875, 425.3117370605469], [900.7384643554688, 419.6028137207031], [985.48583984375, 442.43853759765625], [872.0104370117188, 441.0113220214844]]","[[641.2797241210938, 646.88232421875], [619.8362426757812, 664.1806640625], [638.4205932617188, 648.3238525390625], [622.6953735351562, 665.6221923828125], [641.2797241210938, 654.0899658203125], [634.1318969726562, 693.01123046875], [672.7301635742188, 674.2713012695312], [632.7023315429688, 824.1902465820312], [699.8919067382812, 691.5697021484375], [612.6884155273438, 864.5530395507812], [755.6449584960938, 795.3596801757812], [665.5823364257812, 763.6461181640625], [691.3145751953125, 744.9061889648438], [641.2797241210938, 808.33349609375], [754.2153930664062, 740.5816040039062], [606.97021484375, 883.2928466796875], [755.6449584960938, 801.1257934570312]]","[[719, 396], [1197, 396], [656, 597], [1262, 597], [524, 978], [1397, 978]]","[[599, 425], [599, 597], [1320, 597], [1320, 425]]","[740, 422]",None,None
62466,"[[909.3324584960938, 372.40228271484375], [913.6354370117188, 370.9728088378906], [909.3324584960938, 370.9728088378906], [909.3324584960938, 366.6844177246094], [923.675537109375, 366.6844177246094], [906.4637451171875, 379.54962158203125], [906.4637451171875, 380.9790954589844], [893.554931640625, 396.7032165527344], [950.9275512695312, 392.4148254394531], [877.7774658203125, 416.7156982421875], [879.2117309570312, 413.8568115234375], [917.9382934570312, 408.138916015625], [939.4530639648438, 406.70947265625], [899.2921752929688, 421.0041198730469], [960.9678344726562, 423.863037109375], [985.3511962890625, 441.0166320800781], [872.0401611328125, 441.0166320800781]]","[[642.1646728515625, 651.18505859375], [680.8534545898438, 730.3472290039062], [677.9876098632812, 730.3472290039062], [622.1038818359375, 677.0927124023438], [642.1646728515625, 667.0175170898438], [624.9696655273438, 710.1968383789062], [667.9572143554688, 690.0465087890625], [635.0001220703125, 743.301025390625], [698.0484619140625, 715.9541015625], [622.1038818359375, 713.0755004882812], [753.9323120117188, 728.907958984375], [655.0609741210938, 779.2838745117188], [683.7192993164062, 763.451416015625], [622.1038818359375, 839.7349853515625], [743.90185546875, 753.3762817382812], [609.2075805664062, 911.7005615234375], [751.0664672851562, 813.827392578125]]","[[719, 396], [1197, 396], [656, 597], [1262, 597], [524, 978], [1397, 978]]","[[599, 425], [599, 597], [1320, 597], [1320, 425]]","[742, 424]",None,None
62467,"[[910.4314575195312, 372.6014404296875], [911.861328125, 369.7527160644531], [907.571533203125, 369.7527160644531], [923.3005981445312, 369.7527160644531], [924.7305297851562, 366.90399169921875], [906.1416625976562, 379.7232666015625], [906.1416625976562, 381.14764404296875], [891.8425903320312, 399.6643371582031], [947.6090698242188, 386.8450927734375], [877.5435180664062, 416.7567138671875], [878.973388671875, 413.9079895019531], [917.5809326171875, 406.7861633300781], [939.0296020507812, 406.7861633300781], [900.4220581054688, 421.0298156738281], [960.4782104492188, 423.8785095214844], [984.7866821289062, 440.97088623046875], [871.8238525390625, 440.97088623046875]]","[[678.950927734375, 735.7685546875], [678.950927734375, 731.4560546875], [676.0796508789062, 734.3310546875], [622.9612426757812, 678.2686767578125], [643.0601196289062, 668.2061767578125], [625.83251953125, 709.8936157226562], [668.9014892578125, 691.2061157226562], [633.0106811523438, 741.5185546875], [700.4854125976562, 718.5185546875], [624.3969116210938, 714.2061157226562], [753.6038208007812, 728.5810546875], [653.1095581054688, 778.8934936523438], [684.6934814453125, 764.5185546875], [621.525634765625, 840.705810546875], [743.5543212890625, 753.0185546875], [610.0405883789062, 911.1432495117188], [752.1681518554688, 811.9558715820312]]","[[719, 396], [1197, 396], [656, 597], [1262, 597], [524, 978], [1397, 978]]","[[599, 425], [599, 597], [1320, 597], [1320, 425]]","[742, 424]",None,None
62468,"[[905.8554077148438, 373.4824523925781], [908.7238159179688, 370.6178283691406], [905.8554077148438, 372.0501708984375], [918.7635498046875, 370.6178283691406], [920.19775390625, 369.185546875], [930.2373657226562, 382.076171875], [902.9868774414062, 384.9407653808594], [946.0139770507812, 389.2376403808594], [887.2102661132812, 403.560546875], [986.172607421875, 442.2323913574219], [874.3021850585938, 417.8834228515625], [937.4085693359375, 409.28973388671875], [938.8428344726562, 409.28973388671875], [957.4878540039062, 422.1803283691406], [891.5130004882812, 423.61260986328125], [984.7384033203125, 440.80010986328125], [875.7364501953125, 442.2323913574219]]","[[621.4970703125, 687.5175170898438], [622.9354248046875, 681.7623291015625], [621.4970703125, 681.7623291015625], [625.8121948242188, 686.0786743164062], [644.5112915039062, 678.884765625], [625.8121948242188, 716.2931518554688], [668.9639282226562, 703.3441162109375], [624.373779296875, 755.1401977539062], [694.8548583984375, 734.997314453125], [620.0586547851562, 722.0482788085938], [727.9378662109375, 752.2626953125], [648.826416015625, 793.9873657226562], [683.3477783203125, 779.5995483398438], [612.86669921875, 842.906005859375], [738.006591796875, 763.77294921875], [605.6747436523438, 911.967529296875], [743.7601318359375, 824.2018432617188]]","[[719, 396], [1197, 396], [656, 597], [1262, 597], [524, 978], [1397, 978]]","[[599, 425], [599, 597], [1320, 597], [1320, 425]]","[744, 427]",None,None
62469,"[[898.8942260742188, 378.52239990234375], [900.3340454101562, 375.6669006347656], [898.8942260742188, 375.6669006347656], [903.213623046875, 374.2391052246094], [913.2922973632812, 374.2391052246094], [923.3709106445312, 382.8056945800781], [898.8942260742188, 388.5168151855469], [942.0883178710938, 387.0890197753906], [881.6165771484375, 405.6500244140625], [986.7223510742188, 442.77197265625], [862.8991088867188, 419.92767333984375], [932.009765625, 409.9333190917969], [934.8893432617188, 407.0777893066406], [956.4863891601562, 424.21099853515625], [893.135009765625, 418.49993896484375], [982.4029541015625, 438.4886474609375], [880.1767578125, 441.3442077636719]]","[[624.4081420898438, 690.1586303710938], [625.8424072265625, 685.8430786132812], [625.8424072265625, 684.404541015625], [628.7109375, 690.1586303710938], [651.6591796875, 684.404541015625], [627.2766723632812, 721.805908203125], [673.1732177734375, 708.8593139648438], [624.4081420898438, 756.3302612304688], [691.8186645507812, 741.9451293945312], [621.5396118164062, 727.5599975585938], [719.0697631835938, 770.71533203125], [645.9221801757812, 792.2930297851562], [678.9102783203125, 782.2234497070312], [607.1968994140625, 844.0794677734375], [727.6753540039062, 782.2234497070312], [605.7626342773438, 908.8125], [736.2809448242188, 842.6409912109375]]","[[719, 396], [1197, 396], [656, 597], [1262, 597], [524, 978], [1397, 978]]","[[599, 425], [599, 597], [1320, 597], [1320, 425]]","[748, 431]",None,None
62470,"[[889.778564453125, 375.81231689453125], [892.6530151367188, 374.3740234375], [889.778564453125, 374.3740234375], [901.2761840820312, 374.3740234375], [891.2158203125, 374.3740234375], [914.2110595703125, 383.0040283203125], [889.778564453125, 387.3190612792969], [930.0202026367188, 387.3190612792969], [872.5322265625, 406.0174865722656], [927.1458129882812, 406.0174865722656], [856.7229614257812, 416.08587646484375], [930.0202026367188, 407.45587158203125], [908.4622192382812, 410.33251953125], [954.45263671875, 423.277587890625], [885.4669799804688, 420.4009094238281], [984.6339111328125, 440.53765869140625], [879.7182006835938, 440.53765869140625]]","[[662.305908203125, 679.6453857421875], [635.05126953125, 679.6453857421875], [660.8714599609375, 676.7725219726562], [637.920166015625, 685.39111328125], [660.8714599609375, 679.6453857421875], [632.1823120117188, 719.8654174804688], [678.0849609375, 705.5011596679688], [633.6168212890625, 757.212646484375], [692.4295654296875, 742.8483276367188], [659.43701171875, 764.394775390625], [716.8153076171875, 775.88623046875], [646.5269165039062, 787.3777465820312], [683.8228149414062, 783.0684204101562], [609.2310180664062, 843.3985595703125], [728.2909545898438, 795.996337890625], [604.9276733398438, 909.4744262695312], [721.11865234375, 863.5086669921875]]","[[719, 396], [1197, 396], [656, 597], [1262, 597], [524, 978], [1397, 978]]","[[599, 425], [599, 597], [1320, 597], [1320, 425]]","[750, 437]",None,None
62471,"[[877.5548706054688, 382.8267822265625], [878.9849243164062, 379.97686767578125], [878.9849243164062, 381.40179443359375], [884.7053833007812, 377.1269836425781], [877.5548706054688, 377.1269836425781], [900.4366455078125, 384.251708984375], [878.9849243164062, 391.3764343261719], [920.4583129882812, 384.251708984375], [864.683837890625, 407.0509033203125], [920.4583129882812, 407.0509033203125], [848.9525756835938, 417.0255432128906], [926.1787719726562, 405.6259460449219], [907.5872802734375, 408.475830078125], [951.9208374023438, 422.725341796875], [878.9849243164062, 421.3003845214844], [984.8134765625, 439.82470703125], [984.8134765625, 439.82470703125]]","[[661.7283935546875, 671.5691528320312], [668.9041748046875, 667.2533569335938], [657.4229125976562, 667.2533569335938], [653.1174926757812, 673.0077514648438], [677.5150756835938, 673.0077514648438], [640.2011108398438, 708.9727172851562], [688.996337890625, 703.2183227539062], [641.63623046875, 744.9376220703125], [700.4775390625, 740.621826171875], [661.7283935546875, 762.2007446289062], [726.3103637695312, 773.7095336914062], [648.81201171875, 780.9025268554688], [683.2556762695312, 779.4639282226562], [615.803466796875, 839.885009765625], [727.7454833984375, 795.2885131835938], [604.322265625, 904.6219482421875], [722.0048828125, 861.4640502929688]]","[[719, 396], [1197, 396], [656, 597], [1262, 597], [524, 978], [1397, 978]]","[[599, 425], [599, 597], [1320, 597], [1320, 425]]","[752, 442]",None,None
62472,"[[860.3157958984375, 381.8587341308594], [864.6145629882812, 380.43701171875], [861.7486572265625, 379.01531982421875], [867.4804077148438, 380.43701171875], [877.510986328125, 374.7502136230469], [884.6756591796875, 384.7021484375], [870.3463745117188, 393.2323913574219], [853.151123046875, 408.8712158203125], [911.9014282226562, 376.17193603515625], [841.6876220703125, 418.8231506347656], [840.2546997070312, 418.8231506347656], [916.2001953125, 403.18438720703125], [917.6331176757812, 393.2323913574219], [946.2918701171875, 418.8231506347656], [876.0780639648438, 418.8231506347656], [974.9505004882812, 434.4619445800781], [878.9439697265625, 440.1488037109375]]","[[680.1575317382812, 666.3389892578125], [685.912353515625, 660.5950317382812], [674.4027709960938, 660.5950317382812], [667.2092895507812, 664.9030151367188], [691.6671752929688, 663.4669799804688], [655.69970703125, 695.058837890625], [700.2993774414062, 697.9308471679688], [647.0675048828125, 729.5226440429688], [711.8089599609375, 736.7025756835938], [661.4545288085938, 752.4984741210938], [736.2667846679688, 772.6024169921875], [651.3836059570312, 768.29443359375], [684.4736938476562, 768.29443359375], [625.487060546875, 830.0420532226562], [729.0733032226562, 789.8342895507812], [605.3452758789062, 894.6617431640625], [723.3185424804688, 853.0179443359375]]","[[719, 396], [1197, 396], [656, 597], [1262, 597], [524, 978], [1397, 978]]","[[599, 425], [599, 597], [1320, 597], [1320, 425]]","[752, 450]",None,None
62473,"[[860.31640625, 381.85791015625], [864.6151733398438, 380.4361877441406], [861.7493896484375, 379.01446533203125], [867.4810180664062, 380.4361877441406], [877.5114135742188, 374.749267578125], [884.676025390625, 384.70135498046875], [870.3468627929688, 393.2316589355469], [853.1519165039062, 408.8706359863281], [911.9013061523438, 376.1709899902344], [841.6885375976562, 418.82269287109375], [840.255615234375, 418.82269287109375], [916.2000732421875, 403.1837158203125], [917.633056640625, 393.2316589355469], [946.2913208007812, 418.82269287109375], [876.0785522460938, 418.82269287109375], [974.9495849609375, 434.4616394042969], [878.9442749023438, 440.1485290527344]]","[[680.1718139648438, 666.2838745117188], [685.9273681640625, 660.5383911132812], [674.416259765625, 660.5383911132812], [667.2218017578125, 664.8474731445312], [691.6829223632812, 663.4111328125], [654.2717895507812, 696.4476928710938], [700.3162841796875, 697.884033203125], [647.0773315429688, 729.4842529296875], [711.827392578125, 736.6660766601562], [661.4662475585938, 752.4661865234375], [736.2885131835938, 772.5753784179688], [651.3939819335938, 768.2662353515625], [684.4884643554688, 768.2662353515625], [625.4939575195312, 830.0302734375], [729.0940551757812, 789.8118286132812], [605.3494873046875, 894.6669921875], [723.3385009765625, 853.01220703125]]","[[719, 396], [1197, 396], [656, 597], [1262, 597], [524, 978], [1397, 978]]","[[599, 425], [599, 597], [1320, 597], [1320, 425]]","[752, 452]",None,None
62474,"[[850.5772705078125, 390.5845031738281], [852.0130004882812, 387.7351989746094], [863.4981689453125, 386.3105773925781], [856.3198852539062, 384.8858947753906], [866.3694458007812, 376.3380432128906], [872.112060546875, 390.5845031738281], [856.3198852539062, 394.8584289550781], [850.5772705078125, 406.255615234375], [844.8346557617188, 410.529541015625], [969.736572265625, 434.7485046386719], [839.092041015625, 414.803466796875], [912.3104858398438, 401.9816589355469], [892.2113037109375, 403.40631103515625], [939.587890625, 417.6527099609375], [870.6764526367188, 417.6527099609375], [966.865234375, 433.3238220214844], [877.854736328125, 440.4470520019531]]","[[691.669677734375, 652.9046020507812], [698.8380126953125, 648.5836791992188], [685.9349975585938, 647.1433715820312], [683.067626953125, 655.78515625], [706.00634765625, 655.78515625], [668.73095703125, 683.1506958007812], [710.307373046875, 687.4714965820312], [652.9606323242188, 710.51611328125], [723.2103271484375, 730.6802368164062], [665.8636474609375, 746.5233764648438], [744.7153930664062, 768.1277465820312], [655.8279418945312, 759.486083984375], [688.8023071289062, 758.0457153320312], [637.1902465820312, 819.9781494140625], [728.9450073242188, 791.17236328125], [612.8179321289062, 874.7091674804688], [723.2103271484375, 854.5451049804688]]","[[719, 396], [1197, 396], [656, 597], [1262, 597], [524, 978], [1397, 978]]","[[599, 425], [599, 597], [1320, 597], [1320, 425]]","[754, 455]",None,None
62475,"[[842.025146484375, 392.3489685058594], [843.46240234375, 389.5077819824219], [842.025146484375, 390.92840576171875], [847.774169921875, 385.2459411621094], [853.5232543945312, 380.984130859375], [865.0213012695312, 390.92840576171875], [850.648681640625, 396.6108093261719], [880.8311767578125, 383.82537841796875], [836.276123046875, 410.81689453125], [961.3178100585938, 432.12603759765625], [873.6448364257812, 434.96722412109375], [902.3900756835938, 398.03143310546875], [888.0175170898438, 402.29327392578125], [929.6981201171875, 417.919921875], [865.0213012695312, 417.919921875], [958.4432373046875, 430.7054138183594], [876.5194091796875, 442.0702819824219]]","[[721.2127685546875, 652.1681518554688], [714.0352783203125, 643.5391845703125], [721.2127685546875, 647.8536987304688], [696.809326171875, 649.2918701171875], [719.7772827148438, 652.1681518554688], [678.1478881835938, 676.6168823242188], [719.7772827148438, 682.3695068359375], [659.4864501953125, 719.7616577148438], [732.69677734375, 724.0761108398438], [675.2769165039062, 744.2103271484375], [752.793701171875, 758.5919799804688], [659.4864501953125, 752.83935546875], [691.0673217773438, 751.4011840820312], [649.4379272460938, 814.68017578125], [728.3902587890625, 791.669677734375], [622.16357421875, 857.8250122070312], [724.0838012695312, 857.8250122070312]]","[[719, 396], [1197, 396], [656, 597], [1262, 597], [524, 978], [1397, 978]]","[[599, 425], [599, 597], [1320, 597], [1320, 425]]","[752, 437]",top,defensive shot
62476,"[[833.6201782226562, 395.1199035644531], [836.492919921875, 392.2695007324219], [832.183837890625, 393.6947021484375], [842.2382202148438, 389.4190673828125], [832.183837890625, 393.6947021484375], [858.0381469726562, 389.4190673828125], [839.3656005859375, 399.3955078125], [922.6738891601562, 420.7736511230469], [829.3111572265625, 413.6476135253906], [941.3464965820312, 430.7501220703125], [872.4016723632812, 435.0257568359375], [892.5105590820312, 392.2695007324219], [878.1470336914062, 400.8207702636719], [919.80126953125, 419.34844970703125], [859.4744873046875, 415.07281494140625], [942.7828369140625, 432.17535400390625], [876.710693359375, 440.7265625]]","[[711.3974609375, 638.9088745117188], [719.98681640625, 638.9088745117188], [730.0078125, 644.6637573242188], [707.1027221679688, 647.5411987304688], [730.0078125, 648.9799194335938], [688.4923095703125, 670.5606689453125], [730.0078125, 679.1929931640625], [662.72412109375, 707.9673461914062], [741.4603271484375, 719.47705078125], [646.9768676757812, 742.49658203125], [761.5023193359375, 751.1288452148438], [662.72412109375, 749.6901245117188], [695.650146484375, 749.6901245117188], [662.72412109375, 805.8001708984375], [727.1447143554688, 794.2904052734375], [641.2506103515625, 836.01318359375], [719.98681640625, 857.593994140625]]","[[719, 396], [1197, 396], [656, 597], [1262, 597], [524, 978], [1397, 978]]","[[599, 425], [599, 597], [1320, 597], [1320, 425]]","[742, 412]",None,None
62477,"[[826.7171630859375, 391.71575927734375], [828.1490478515625, 388.8619384765625], [825.2854614257812, 388.8619384765625], [835.30810546875, 386.008056640625], [828.1490478515625, 391.71575927734375], [851.0579223632812, 386.008056640625], [833.8762817382812, 398.85040283203125], [899.7394409179688, 401.7042236328125], [823.8536376953125, 414.54656982421875], [908.3302612304688, 414.54656982421875], [872.5350341796875, 434.52349853515625], [885.4212646484375, 388.8619384765625], [873.9668579101562, 398.85040283203125], [908.3302612304688, 418.82733154296875], [855.3533935546875, 415.9734802246094], [931.2391357421875, 435.9504089355469], [873.9668579101562, 435.9504089355469]]","[[718.502685546875, 638.1049194335938], [724.221435546875, 636.66357421875], [714.2135620117188, 636.66357421875], [711.3541870117188, 643.8701782226562], [734.2293701171875, 648.1941528320312], [694.19775390625, 665.4900512695312], [737.0887451171875, 677.0206298828125], [667.0335083007812, 692.875244140625], [751.3857421875, 714.4951171875], [649.8771362304688, 714.4951171875], [765.6827392578125, 737.5563354492188], [668.4631958007812, 737.5563354492188], [699.9165649414062, 741.8803100585938], [671.3226318359375, 786.5613403320312], [727.0808715820312, 795.2093505859375], [658.455322265625, 821.1532592773438], [718.502685546875, 857.1863403320312]]","[[719, 396], [1197, 396], [656, 597], [1262, 597], [524, 978], [1397, 978]]","[[599, 425], [599, 597], [1320, 597], [1320, 425]]","[739, 401]",None,None
62478,"[[823.5262451171875, 389.5665588378906], [824.9522705078125, 386.7261657714844], [820.6741333007812, 386.7261657714844], [830.6561889648438, 382.46551513671875], [822.1002197265625, 386.7261657714844], [846.34228515625, 381.0453186035156], [832.0822143554688, 395.2474060058594], [874.8623657226562, 385.3059387207031], [817.8222045898438, 416.5505065917969], [914.7904052734375, 430.7525634765625], [817.8222045898438, 415.1302795410156], [874.8623657226562, 385.3059387207031], [864.8803100585938, 398.0877990722656], [900.5304565429688, 415.1302795410156], [852.0463256835938, 419.390869140625], [917.6424560546875, 435.01318359375], [872.0103759765625, 435.01318359375]]","[[718.7525634765625, 632.5234985351562], [713.0518798828125, 633.96142578125], [714.47705078125, 632.5234985351562], [713.0518798828125, 638.2752075195312], [735.8544921875, 638.2752075195312], [697.3751220703125, 658.406494140625], [742.9803466796875, 671.3479614257812], [668.8718872070312, 679.9756469726562], [755.8067626953125, 700.1068725585938], [647.4944458007812, 694.3551025390625], [767.2080688476562, 724.5518798828125], [674.572509765625, 728.86572265625], [704.5009155273438, 734.6175537109375], [681.6983032226562, 766.2522583007812], [728.7286987304688, 793.5733032226562], [675.9976806640625, 807.9527587890625], [718.7525634765625, 856.8428344726562]]","[[719, 396], [1197, 396], [656, 597], [1262, 597], [524, 978], [1397, 978]]","[[599, 425], [599, 597], [1320, 597], [1320, 425]]","[737, 392]",None,None
62479,"[[822.5545043945312, 389.8008117675781], [823.9799194335938, 386.9345703125], [821.1290893554688, 386.9345703125], [831.1071166992188, 382.6351318359375], [821.1290893554688, 386.9345703125], [845.3612670898438, 381.2020263671875], [829.6815795898438, 395.5332946777344], [882.4220581054688, 376.90264892578125], [819.7036743164062, 414.1639099121094], [915.2066650390625, 431.3614501953125], [805.4495239257812, 434.2276916503906], [875.2949829101562, 385.5014343261719], [865.3170776367188, 398.3995666503906], [899.527099609375, 414.1639099121094], [852.4883422851562, 418.46331787109375], [918.0574951171875, 435.66082763671875], [872.4441528320312, 435.66082763671875]]","[[719.2514038085938, 630.8009643554688], [726.4051513671875, 629.359619140625], [714.9591674804688, 630.8009643554688], [712.0977172851562, 638.0075073242188], [736.42041015625, 638.0075073242188], [697.7902221679688, 658.1858520507812], [743.5740966796875, 671.1576538085938], [667.7445068359375, 679.8054809570312], [756.4508666992188, 701.4251708984375], [647.7140502929688, 694.2186279296875], [766.4661254882812, 723.0447998046875], [674.8982543945312, 728.81005859375], [704.9439697265625, 737.4579467773438], [680.6212768554688, 766.2841186523438], [727.8358764648438, 793.6690673828125], [674.8982543945312, 808.0820922851562], [719.2514038085938, 855.6453857421875]]","[[719, 396], [1197, 396], [656, 597], [1262, 597], [524, 978], [1397, 978]]","[[599, 425], [599, 597], [1320, 597], [1320, 425]]","[735, 388]",None,None
62480,"[[817.5818481445312, 383.9555358886719], [820.4388427734375, 381.0958557128906], [816.1533203125, 382.5256652832031], [826.1527099609375, 376.8063049316406], [817.5818481445312, 382.5256652832031], [840.4373779296875, 375.37646484375], [824.7241821289062, 391.1047668457031], [863.29296875, 389.6748962402344], [817.5818481445312, 405.4031982421875], [861.8644409179688, 408.26287841796875], [809.010986328125, 426.85089111328125], [870.435302734375, 383.9555358886719], [849.0082397460938, 388.2450256347656], [843.2943115234375, 418.2718200683594], [843.2943115234375, 419.7016296386719], [910.4324951171875, 435.429931640625], [869.0068359375, 436.85980224609375]]","[[718.0918579101562, 622.1863403320312], [723.7860717773438, 619.3028564453125], [712.3976440429688, 619.3028564453125], [709.550537109375, 627.9534912109375], [733.7509765625, 627.9534912109375], [695.3150024414062, 652.4636840820312], [743.7158203125, 658.2308349609375], [672.5381469726562, 662.55615234375], [757.951416015625, 688.5081787109375], [671.1145629882812, 661.1143798828125], [769.3397827148438, 711.57666015625], [682.5030517578125, 723.11083984375], [713.8211669921875, 730.3197021484375], [686.773681640625, 744.7374877929688], [729.4802856445312, 792.3162231445312], [691.0443725585938, 795.1997680664062], [720.93896484375, 851.4291381835938]]","[[719, 396], [1197, 396], [656, 597], [1262, 597], [524, 978], [1397, 978]]","[[599, 425], [599, 597], [1320, 597], [1320, 425]]","[731, 379]",None,None
62481,"[[812.2876586914062, 383.53717041015625], [813.7149047851562, 380.6678466796875], [810.8604736328125, 382.1025085449219], [822.2783813476562, 373.4945373535156], [810.8604736328125, 379.2331848144531], [836.5507202148438, 380.6678466796875], [817.99658203125, 384.9718322753906], [852.2503662109375, 396.4490966796875], [815.1421508789062, 397.8837585449219], [852.2503662109375, 412.2303771972656], [810.8604736328125, 415.0997009277344], [860.813720703125, 384.9718322753906], [842.2597045898438, 387.8411560058594], [837.97802734375, 417.9690246582031], [833.6962280273438, 417.9690246582031], [902.20361328125, 432.3156433105469], [842.2597045898438, 400.7530822753906]]","[[715.7294311523438, 614.1238403320312], [720.0089721679688, 609.81689453125], [710.0234985351562, 609.81689453125], [707.1705322265625, 615.5594482421875], [729.994384765625, 615.5594482421875], [692.9056396484375, 639.96533203125], [738.5533447265625, 641.4009399414062], [660.0963134765625, 658.628662109375], [755.6712036132812, 667.2425537109375], [644.4049682617188, 671.5494384765625], [769.9360961914062, 693.0840454101562], [691.4791259765625, 713.1829833984375], [725.7149047851562, 713.1829833984375], [687.1996459960938, 726.103759765625], [728.56787109375, 776.3511962890625], [705.7440185546875, 776.3511962890625], [727.1414184570312, 835.21240234375]]","[[719, 396], [1197, 396], [656, 597], [1262, 597], [524, 978], [1397, 978]]","[[599, 425], [599, 597], [1320, 597], [1320, 425]]","[729, 369]",None,None
62482,"[[807.6862182617188, 383.5680847167969], [809.1234741210938, 380.72607421875], [804.8116455078125, 380.72607421875], [813.4352416992188, 373.6210632324219], [804.8116455078125, 377.88409423828125], [826.37060546875, 369.35809326171875], [813.4352416992188, 382.1470947265625], [839.305908203125, 394.93609619140625], [811.9979858398438, 396.3570861816406], [840.7432250976562, 411.98809814453125], [809.1234741210938, 411.98809814453125], [852.2412719726562, 382.1470947265625], [837.8687133789062, 386.4100646972656], [872.3629760742188, 403.46209716796875], [840.7432250976562, 417.6720886230469], [896.7964477539062, 429.0401306152344], [840.7432250976562, 438.98712158203125]]","[[700.4254150390625, 602.1397094726562], [700.4254150390625, 597.8278198242188], [704.7418212890625, 596.3905029296875], [701.8642578125, 603.5770263671875], [726.3239135742188, 603.5770263671875], [691.7925415039062, 629.4485473632812], [737.8343505859375, 628.01123046875], [668.7716674804688, 653.8826904296875], [756.5389404296875, 656.75732421875], [654.383544921875, 671.13037109375], [769.4880981445312, 672.567626953125], [700.4254150390625, 701.3137817382812], [730.640380859375, 699.8764038085938], [698.986572265625, 735.80908203125], [733.5179443359375, 755.9313354492188], [722.0075073242188, 774.6162109375], [734.956787109375, 804.7996215820312]]","[[719, 396], [1197, 396], [656, 597], [1262, 597], [524, 978], [1397, 978]]","[[599, 425], [599, 597], [1320, 597], [1320, 425]]","[725, 364]",None,None
62483,"[[802.3890380859375, 381.9065856933594], [805.2566528320312, 379.0574035644531], [799.5213623046875, 379.0574035644531], [809.5581665039062, 373.3591003417969], [798.0875854492188, 374.78369140625], [826.76416015625, 371.9345703125], [813.8596801757812, 370.5099792480469], [832.4994506835938, 401.8505859375], [805.2566528320312, 393.3031311035156], [833.9332885742188, 408.9734191894531], [825.3302612304688, 437.46490478515625], [846.8377685546875, 390.4539794921875], [825.3302612304688, 394.7276916503906], [874.08056640625, 414.6717224121094], [815.29345703125, 418.9454345703125], [894.1541748046875, 431.7666015625], [813.8596801757812, 447.4369201660156]]","[[711.4021606445312, 587.4672241210938], [715.68896484375, 581.7094116210938], [705.6865234375, 581.7094116210938], [699.9707641601562, 593.22509765625], [722.8336181640625, 591.78564453125], [692.826171875, 620.5750122070312], [735.6939697265625, 616.256591796875], [685.6815185546875, 652.2433471679688], [758.5567626953125, 642.1670532226562], [664.2476196289062, 679.59326171875], [772.8460083007812, 656.561767578125], [705.6865234375, 693.9879150390625], [737.1228637695312, 692.5484619140625], [705.6865234375, 737.1719970703125], [739.9807739257812, 747.248291015625], [732.8361206054688, 777.4771728515625], [739.9807739257812, 791.871826171875]]","[[719, 396], [1197, 396], [656, 597], [1262, 597], [524, 978], [1397, 978]]","[[599, 425], [599, 597], [1320, 597], [1320, 425]]","[722, 360]",None,None
62484,"[[799.4198608398438, 386.69195556640625], [802.2710571289062, 383.8493957519531], [796.5687866210938, 383.8493957519531], [807.9733276367188, 378.164306640625], [795.1431884765625, 381.0068664550781], [819.3778076171875, 376.7430114746094], [803.6965942382812, 381.0068664550781], [826.5056762695312, 406.58978271484375], [812.25, 403.7471923828125], [825.080078125, 443.5428161621094], [823.6546020507812, 447.806640625], [842.1868896484375, 393.7983093261719], [827.9312744140625, 399.4833984375], [867.8471069335938, 417.9599304199219], [827.9312744140625, 420.802490234375], [886.37939453125, 430.75140380859375], [790.8665161132812, 442.12152099609375]]","[[695.0940551757812, 584.6356201171875], [695.0940551757812, 583.19970703125], [720.9861450195312, 583.19970703125], [697.970947265625, 587.50732421875], [719.5476684570312, 586.0714721679688], [693.6555786132812, 617.6605834960938], [733.9321899414062, 606.1736450195312], [689.3402709960938, 654.9931640625], [759.8243408203125, 627.711669921875], [670.640380859375, 688.0181884765625], [775.6472778320312, 633.4552001953125], [710.9169921875, 689.4540405273438], [741.1244506835938, 686.5823364257812], [710.9169921875, 729.6583862304688], [745.4397583007812, 736.8377075195312], [732.4937133789062, 766.9910278320312], [745.4397583007812, 764.1192626953125]]","[[719, 396], [1197, 396], [656, 597], [1262, 597], [524, 978], [1397, 978]]","[[599, 425], [599, 597], [1320, 597], [1320, 425]]","[718, 358]",None,None
62485,"[[799.0924682617188, 387.1810607910156], [801.9588623046875, 382.8669128417969], [796.2261962890625, 384.3049621582031], [809.124755859375, 378.5527648925781], [794.79296875, 381.4288635253906], [819.156982421875, 375.6766662597656], [803.3920288085938, 379.9908142089844], [827.7559814453125, 420.25616455078125], [811.9910278320312, 404.4376220703125], [824.8896484375, 444.70294189453125], [823.4564819335938, 447.57904052734375], [842.0877075195312, 394.3713073730469], [829.189208984375, 400.12347412109375], [867.8848266601562, 418.818115234375], [803.3920288085938, 417.38006591796875], [886.51611328125, 430.3224792480469], [791.9266357421875, 440.3888244628906]]","[[695.0548095703125, 584.6786499023438], [695.0548095703125, 583.2431640625], [720.9397583007812, 583.2431640625], [697.930908203125, 587.5497436523438], [719.5017700195312, 586.1141967773438], [693.6167602539062, 617.6959228515625], [733.8822631835938, 606.211669921875], [689.3026123046875, 655.0198364257812], [759.7672729492188, 627.7446899414062], [670.60791015625, 688.0371704101562], [775.5858154296875, 633.48681640625], [710.8734130859375, 689.47265625], [741.0725708007812, 686.6015625], [710.8734130859375, 729.6676025390625], [745.3866577148438, 736.8452758789062], [732.4442138671875, 766.991455078125], [745.3866577148438, 764.120361328125]]","[[719, 396], [1197, 396], [656, 597], [1262, 597], [524, 978], [1397, 978]]","[[599, 425], [599, 597], [1320, 597], [1320, 425]]","[718, 358]",None,None
62486,"[[793.8345336914062, 391.53643798828125], [796.693115234375, 387.2632141113281], [792.4052734375, 388.6876220703125], [802.41015625, 381.5655517578125], [800.9808349609375, 380.1411437988281], [815.2734375, 382.9899597167969], [799.5515747070312, 381.5655517578125], [839.5708618164062, 387.2632141113281], [805.2686157226562, 402.9317932128906], [822.4197387695312, 410.05389404296875], [796.693115234375, 415.7515869140625], [835.2831420898438, 398.6585388183594], [818.1320190429688, 401.50738525390625], [855.292724609375, 418.60040283203125], [795.2637939453125, 421.4492492675781], [885.3072509765625, 438.5422668457031], [769.5370483398438, 445.6643371582031]]","[[718.7593383789062, 576.328857421875], [712.999267578125, 569.13671875], [717.3193359375, 572.0136108398438], [694.2789916992188, 580.6441040039062], [718.7593383789062, 576.328857421875], [692.8389892578125, 613.727783203125], [736.0396728515625, 597.9051513671875], [687.0789184570312, 651.126708984375], [776.3602294921875, 610.8509521484375], [666.9185791015625, 682.7719116210938], [783.560302734375, 597.9051513671875], [714.4392700195312, 682.7719116210938], [744.6798095703125, 677.0182495117188], [715.8793334960938, 727.3628540039062], [747.559814453125, 725.9244995117188], [734.599609375, 764.7617797851562], [748.9998168945312, 746.0623779296875]]","[[719, 396], [1197, 396], [656, 597], [1262, 597], [524, 978], [1397, 978]]","[[599, 425], [599, 597], [1320, 597], [1320, 425]]","[714, 358]",None,None
62487,"[[790.4631958007812, 393.56134033203125], [793.3402099609375, 390.7034606933594], [787.5860595703125, 390.7034606933594], [803.4100341796875, 387.8455810546875], [786.1475219726562, 389.2745056152344], [816.3568725585938, 390.7034606933594], [800.532958984375, 393.56134033203125], [819.2339477539062, 429.284912109375], [791.9016723632812, 423.56915283203125], [819.2339477539062, 457.8637390136719], [761.6923828125, 445.0032653808594], [824.9880981445312, 403.5639343261719], [807.7257080078125, 402.1349792480469], [846.5662841796875, 424.9980773925781], [793.3402099609375, 422.14019775390625], [875.3370971679688, 442.1453857421875], [760.2537841796875, 446.4322204589844]]","[[693.6593017578125, 570.0950317382812], [693.6593017578125, 565.7860717773438], [716.5509033203125, 560.0407104492188], [695.0900268554688, 570.0950317382812], [717.9816284179688, 564.3497314453125], [693.6593017578125, 604.5668334960938], [735.1503295898438, 584.4583129882812], [686.5056762695312, 637.6024169921875], [776.641357421875, 587.3309326171875], [670.7677001953125, 654.8383178710938], [778.0720825195312, 567.222412109375], [717.9816284179688, 669.2015991210938], [749.4575805664062, 662.0199584960938], [716.5509033203125, 722.345703125], [748.02685546875, 710.8550415039062], [733.7196044921875, 761.1265258789062], [756.6112060546875, 733.8363037109375]]","[[719, 396], [1197, 396], [656, 597], [1262, 597], [524, 978], [1397, 978]]","[[599, 425], [599, 597], [1320, 597], [1320, 425]]","[712, 358]",None,None
62488,"[[791.195068359375, 398.08233642578125], [795.513916015625, 392.3283386230469], [789.7554931640625, 395.205322265625], [802.7120971679688, 390.8898620605469], [786.8761596679688, 392.3283386230469], [817.1083984375, 393.766845703125], [795.513916015625, 399.5208435058594], [818.548095703125, 428.2908935546875], [788.3157958984375, 423.97540283203125], [818.548095703125, 458.49951171875], [762.4025268554688, 444.1144714355469], [830.0650634765625, 418.22137451171875], [814.2291259765625, 418.22137451171875], [843.021728515625, 429.72943115234375], [791.195068359375, 421.0984191894531], [870.3746948242188, 445.552978515625], [759.523193359375, 448.42999267578125]]","[[721.2913208007812, 554.2086181640625], [694.2461547851562, 555.6438598632812], [718.4444580078125, 551.3382568359375], [695.6696166992188, 561.3847045898438], [718.4444580078125, 555.6438598632812], [695.6696166992188, 594.39453125], [735.5255737304688, 574.3015747070312], [684.2822265625, 625.9691162109375], [769.6878662109375, 565.6903076171875], [675.7416381835938, 631.7098999023438], [768.2644653320312, 542.7269897460938], [724.13818359375, 660.4141235351562], [752.606689453125, 656.1085205078125], [718.4444580078125, 717.822509765625], [746.9130249023438, 686.2478637695312], [735.5255737304688, 766.61962890625], [758.3004150390625, 717.822509765625]]","[[719, 396], [1197, 396], [656, 597], [1262, 597], [524, 978], [1397, 978]]","[[599, 425], [599, 597], [1320, 597], [1320, 425]]","[710, 362]",None,None
62489,"[[798.0001220703125, 392.3849792480469], [800.8513793945312, 389.5331115722656], [795.1487426757812, 389.5331115722656], [809.4053344726562, 389.5331115722656], [790.8717651367188, 389.5331115722656], [817.959228515625, 393.8109130859375], [790.8717651367188, 396.6628112792969], [823.661865234375, 420.9037780761719], [782.3178100585938, 392.3849792480469], [819.3849487304688, 457.9782409667969], [768.061279296875, 406.6443786621094], [820.8106079101562, 409.49627685546875], [796.5744018554688, 408.0703430175781], [842.1954345703125, 428.0335388183594], [789.4461059570312, 422.3297424316406], [867.8572998046875, 445.144775390625], [759.50732421875, 446.57073974609375]]","[[720.3992309570312, 540.2255859375], [714.6550903320312, 531.5802001953125], [717.5271606445312, 535.9028930664062], [695.9864501953125, 551.7528686523438], [718.9631958007812, 544.54833984375], [694.5504150390625, 582.0119018554688], [736.19580078125, 561.8392333984375], [683.06201171875, 615.1527099609375], [766.352783203125, 545.9892578125], [674.4456787109375, 616.5936279296875], [757.7364501953125, 514.289306640625], [726.1434326171875, 646.8526611328125], [753.4283447265625, 641.0890502929688], [721.8353271484375, 710.2525024414062], [749.1201782226562, 672.7889404296875], [730.4515380859375, 754.9205322265625], [757.7364501953125, 704.4888916015625]]","[[719, 396], [1197, 396], [656, 597], [1262, 597], [524, 978], [1397, 978]]","[[599, 425], [599, 597], [1320, 597], [1320, 425]]","[707, 365]",None,None
62490,"[[802.1861572265625, 386.9763488769531], [805.0656127929688, 384.1180725097656], [800.7463989257812, 384.1180725097656], [812.2643432617188, 384.1180725097656], [796.4271850585938, 384.1180725097656], [819.4630126953125, 388.405517578125], [790.668212890625, 388.405517578125], [828.1014404296875, 404.12615966796875], [779.1503295898438, 394.12213134765625], [829.5411987304688, 412.7010498046875], [767.6323852539062, 409.84271240234375], [818.0232543945312, 405.5552673339844], [797.8668823242188, 406.98443603515625], [833.8604125976562, 418.4176330566406], [789.2284545898438, 422.705078125], [871.293701171875, 442.7131652832031], [760.4336547851562, 447.0006103515625]]","[[718.2865600585938, 525.7127685546875], [715.4325561523438, 521.4022216796875], [716.8595581054688, 527.149658203125], [698.30810546875, 541.5181274414062], [718.2865600585938, 535.770751953125], [698.30810546875, 571.6919555664062], [735.4110107421875, 551.5760498046875], [682.6107177734375, 604.7394409179688], [763.9517211914062, 525.7127685546875], [668.3403930664062, 598.9920654296875], [749.681396484375, 501.286376953125], [729.702880859375, 636.3500366210938], [755.3894653320312, 627.72900390625], [726.8488159179688, 690.9503173828125], [749.681396484375, 657.90283203125], [728.2758178710938, 739.8031616210938], [753.9624633789062, 695.2608642578125]]","[[719, 396], [1197, 396], [656, 597], [1262, 597], [524, 978], [1397, 978]]","[[599, 425], [599, 597], [1320, 597], [1320, 425]]","[703, 375]",None,None
62491,"[[800.33349609375, 386.2826843261719], [803.1871337890625, 383.41607666015625], [798.9065551757812, 384.8493957519531], [811.7482299804688, 383.41607666015625], [796.0529174804688, 383.41607666015625], [818.8823852539062, 389.1492614746094], [790.3455200195312, 387.7159729003906], [827.4435424804688, 402.0489196777344], [780.3576049804688, 393.44915771484375], [828.870361328125, 412.0820007324219], [768.9428100585938, 409.21539306640625], [818.8823852539062, 406.34881591796875], [798.9065551757812, 406.34881591796875], [836.004638671875, 417.815185546875], [787.4918212890625, 423.5483703613281], [870.2489624023438, 442.18121337890625], [760.3817749023438, 446.4811096191406]]","[[716.7735595703125, 523.2649536132812], [715.3482055664062, 523.2649536132812], [715.3482055664062, 526.1468505859375], [698.244384765625, 541.997802734375], [719.6241455078125, 536.2337646484375], [698.244384765625, 573.699462890625], [735.3026733398438, 552.0846557617188], [682.5658569335938, 603.960205078125], [763.8090209960938, 527.587890625], [662.6114501953125, 598.1962890625], [749.5558471679688, 501.65008544921875], [729.6013793945312, 635.6619873046875], [756.682373046875, 629.8980102539062], [726.750732421875, 691.8605346679688], [752.406494140625, 655.8358154296875], [726.750732421875, 737.97216796875], [755.2571411132812, 696.1835327148438]]","[[719, 396], [1197, 396], [656, 597], [1262, 597], [524, 978], [1397, 978]]","[[599, 425], [599, 597], [1320, 597], [1320, 425]]","[703, 375]",None,None
62492,"[[810.200439453125, 379.03204345703125], [814.5150146484375, 376.1526184082031], [807.3240966796875, 376.1526184082031], [818.8294677734375, 376.1526184082031], [801.5714721679688, 376.1526184082031], [823.14404296875, 384.7909851074219], [794.3805541992188, 384.7909851074219], [833.2113037109375, 400.6279296875], [782.8751831054688, 391.9895935058594], [841.8402709960938, 412.1457214355469], [775.6842651367188, 407.8265380859375], [823.14404296875, 404.9471130371094], [801.5714721679688, 406.3868103027344], [846.1548461914062, 417.90460205078125], [790.0660400390625, 422.2237854003906], [873.4801025390625, 442.3799133300781], [761.3025512695312, 446.6990966796875]]","[[715.8158569335938, 518.6514282226562], [694.2393798828125, 528.718017578125], [715.8158569335938, 520.0895385742188], [697.1162719726562, 534.4703369140625], [718.6927490234375, 528.718017578125], [699.9931640625, 564.6701049804688], [735.9539184570312, 544.536865234375], [685.6088256835938, 597.7460327148438], [758.9688110351562, 514.337158203125], [666.9091796875, 589.1174926757812], [738.830810546875, 484.13739013671875], [733.0770874023438, 627.94580078125], [760.4072875976562, 620.75537109375], [728.7617797851562, 669.6502075195312], [747.46142578125, 640.8885498046875], [730.2001953125, 730.0497436523438], [750.3382568359375, 681.1548461914062]]","[[719, 396], [1197, 396], [656, 597], [1262, 597], [524, 978], [1397, 978]]","[[599, 425], [599, 597], [1320, 597], [1320, 425]]","[701, 380]",None,None
62493,"[[820.899658203125, 374.4950256347656], [823.7584228515625, 371.6197204589844], [813.752685546875, 371.6197204589844], [826.6171264648438, 371.6197204589844], [809.464599609375, 371.6197204589844], [830.9052734375, 381.68328857421875], [802.3176879882812, 378.8079833984375], [840.9109497070312, 397.49749755859375], [788.02392578125, 391.74688720703125], [849.4871826171875, 411.8739929199219], [785.1652221679688, 408.9986877441406], [829.4758911132812, 401.8104248046875], [806.6058349609375, 403.2480773925781], [853.775390625, 416.18695068359375], [792.3120727539062, 420.4999084472656], [875.2160034179688, 440.62701416015625], [762.2951049804688, 446.3776550292969]]","[[692.9441528320312, 528.4430541992188], [695.8156127929688, 524.1339111328125], [713.0442504882812, 515.5155639648438], [695.8156127929688, 529.8794555664062], [715.9157104492188, 522.697509765625], [702.9942016601562, 560.0435791015625], [736.0158081054688, 537.0614013671875], [692.9441528320312, 594.5169067382812], [753.2445068359375, 505.46087646484375], [668.5369262695312, 584.4622192382812], [731.7086791992188, 479.60589599609375], [740.322998046875, 618.9354858398438], [764.7302856445312, 611.7535400390625], [728.8372192382812, 659.1543579101562], [746.06591796875, 634.7357177734375], [727.4014892578125, 720.9190063476562], [744.630126953125, 679.2637329101562]]","[[719, 396], [1197, 396], [656, 597], [1262, 597], [524, 978], [1397, 978]]","[[599, 425], [599, 597], [1320, 597], [1320, 425]]","[699, 392]",None,None
62494,"[[826.3228149414062, 367.9293212890625], [830.6160278320312, 365.0626525878906], [823.4606323242188, 365.0626525878906], [836.3402709960938, 366.4959716796875], [819.1675415039062, 365.0626525878906], [842.0645141601562, 376.5293273925781], [812.0121459960938, 373.6626892089844], [856.3751831054688, 396.5960693359375], [799.132568359375, 386.5627136230469], [860.6683959960938, 412.36279296875], [794.83935546875, 408.0627746582031], [836.3402709960938, 400.8960876464844], [812.0121459960938, 402.32940673828125], [863.530517578125, 416.66278076171875], [794.83935546875, 422.3961486816406], [877.8411865234375, 442.46282958984375], [764.7869873046875, 445.32952880859375]]","[[713.7313842773438, 514.3379516601562], [693.7877807617188, 525.8519897460938], [709.4577026367188, 514.3379516601562], [698.0614013671875, 528.73046875], [713.7313842773438, 520.094970703125], [705.1841430664062, 557.5155029296875], [733.6749877929688, 531.6090087890625], [698.0614013671875, 590.6182861328125], [745.0712280273438, 504.2632141113281], [676.6932983398438, 581.9827880859375], [739.3731079101562, 485.5529479980469], [749.3448486328125, 606.4500732421875], [767.864013671875, 602.13232421875], [730.8258666992188, 662.5809326171875], [726.55224609375, 652.5061645507812], [726.55224609375, 721.5902709960938], [727.976806640625, 718.7117919921875]]","[[719, 396], [1197, 396], [656, 597], [1262, 597], [524, 978], [1397, 978]]","[[599, 425], [599, 597], [1320, 597], [1320, 425]]","[695, 405]",None,None
62495,"[[834.7542724609375, 362.4061584472656], [837.6338500976562, 359.55084228515625], [831.8746948242188, 359.55084228515625], [844.8327026367188, 359.55084228515625], [827.5553588867188, 358.1231994628906], [849.1520385742188, 368.1167907714844], [820.3564453125, 366.6891174316406], [862.1099853515625, 378.1103515625], [811.7177734375, 382.393310546875], [867.869140625, 392.3868713378906], [808.8381958007812, 402.38043212890625], [844.8327026367188, 393.8145446777344], [823.2360229492188, 395.2421875], [866.4293212890625, 408.091064453125], [801.6393432617188, 415.2293395996094], [877.9475708007812, 440.9270324707031], [768.5244750976562, 445.2100524902344]]","[[694.8935546875, 530.1126098632812], [696.332275390625, 527.2351684570312], [697.7708740234375, 528.673828125], [700.6482543945312, 530.1126098632812], [713.59619140625, 521.480224609375], [712.1575317382812, 557.4484252929688], [732.298828125, 525.79638671875], [703.5255737304688, 589.1005249023438], [738.053466796875, 505.6541748046875], [686.2615966796875, 583.3456420898438], [736.6148071289062, 501.33795166015625], [753.8787841796875, 603.4878540039062], [743.80810546875, 602.0491333007812], [733.7374877929688, 656.7208862304688], [729.4215087890625, 649.5272216796875], [730.8601684570312, 718.5863037109375], [729.4215087890625, 717.1475219726562]]","[[719, 396], [1197, 396], [656, 597], [1262, 597], [524, 978], [1397, 978]]","[[599, 425], [599, 597], [1320, 597], [1320, 425]]","[692, 418]",None,None
62496,"[[843.0550537109375, 355.7432861328125], [845.930908203125, 354.3149108886719], [840.1791381835938, 354.3149108886719], [853.12060546875, 354.3149108886719], [837.3033447265625, 352.8865051269531], [857.4344482421875, 362.8852233886719], [830.1135864257812, 360.0284423828125], [871.8137817382812, 374.3122863769531], [818.6101684570312, 374.3122863769531], [877.5655517578125, 387.167724609375], [820.0480346679688, 384.3109436035156], [850.2446899414062, 391.4528503417969], [828.6757202148438, 391.4528503417969], [874.689697265625, 411.4502258300781], [802.7928466796875, 412.87860107421875], [879.0034790039062, 441.4462585449219], [774.0340576171875, 444.30303955078125]]","[[700.9969482421875, 533.3370971679688], [702.4329833984375, 529.0200805664062], [702.4329833984375, 530.4591064453125], [705.304931640625, 529.0200805664062], [716.7929077148438, 521.8250732421875], [718.2288818359375, 553.483154296875], [729.7168579101562, 531.8981323242188], [716.7929077148438, 582.2632446289062], [736.8968505859375, 514.6300048828125], [689.509033203125, 586.5802612304688], [689.509033203125, 586.5802612304688], [759.8727416992188, 596.6533203125], [746.9487915039062, 596.6533203125], [736.8968505859375, 658.530517578125], [729.7168579101562, 644.1405029296875], [741.204833984375, 718.96875], [738.3328247070312, 716.0907592773438]]","[[719, 396], [1197, 396], [656, 597], [1262, 597], [524, 978], [1397, 978]]","[[599, 425], [599, 597], [1320, 597], [1320, 425]]","[696, 417]",bottom,push/rush
62497,"[[843.129150390625, 355.70245361328125], [846.0072021484375, 354.2763671875], [840.2510375976562, 354.2763671875], [853.2025146484375, 354.2763671875], [837.3729248046875, 352.8503112792969], [857.5197143554688, 362.8327941894531], [830.1776733398438, 359.98065185546875], [871.9103393554688, 374.24139404296875], [818.6651611328125, 374.24139404296875], [877.66650390625, 387.0760192871094], [820.104248046875, 384.2239074707031], [850.324462890625, 391.3542785644531], [828.7385864257812, 391.3542785644531], [874.7883911132812, 411.31927490234375], [802.8355712890625, 412.745361328125], [879.1055297851562, 441.2668151855469], [774.054443359375, 444.1189270019531]]","[[702.2327880859375, 533.1299438476562], [702.2327880859375, 528.8075561523438], [702.2327880859375, 530.2483520507812], [705.1105346679688, 528.8075561523438], [716.6214599609375, 521.6035766601562], [718.060302734375, 553.3011474609375], [729.5712280273438, 531.6891479492188], [716.6214599609375, 582.1170654296875], [736.7655639648438, 514.3995971679688], [689.2830810546875, 587.8803100585938], [689.2830810546875, 586.4395141601562], [759.7872924804688, 596.5250854492188], [746.8375854492188, 596.5250854492188], [736.7655639648438, 658.4793701171875], [731.0100708007812, 644.0714111328125], [741.0821533203125, 718.9929809570312], [738.2044067382812, 716.1113891601562]]","[[719, 396], [1197, 396], [656, 597], [1262, 597], [524, 978], [1397, 978]]","[[599, 425], [599, 597], [1320, 597], [1320, 425]]","[700, 416]",None,None
62498,"[[852.6185913085938, 352.0240783691406], [856.9225463867188, 350.590087890625], [851.1839599609375, 349.1561279296875], [864.095703125, 352.0240783691406], [846.8800048828125, 349.1561279296875], [866.9649658203125, 360.6279296875], [838.272216796875, 356.32598876953125], [882.7459716796875, 372.09967041015625], [821.0565795898438, 369.23175048828125], [887.0499267578125, 385.0054626464844], [826.7951049804688, 383.57147216796875], [854.0532836914062, 387.8733825683594], [831.0989990234375, 385.0054626464844], [874.13818359375, 410.8169250488281], [811.0140380859375, 406.5150146484375], [879.876708984375, 442.3643493652344], [783.7559814453125, 442.3643493652344]]","[[705.2926025390625, 524.9636840820312], [705.2926025390625, 520.638916015625], [705.2926025390625, 522.0805053710938], [706.7124633789062, 522.0805053710938], [722.3309326171875, 516.3141479492188], [722.3309326171875, 548.0291137695312], [735.1096801757812, 529.2884521484375], [735.1096801757812, 576.8609619140625], [735.1096801757812, 576.8609619140625], [708.13232421875, 589.8353271484375], [709.5521850585938, 589.8353271484375], [756.4075927734375, 597.043212890625], [745.0487670898438, 594.1600341796875], [737.949462890625, 653.2652587890625], [730.85009765625, 650.3821411132812], [747.888427734375, 713.8121337890625], [746.4686279296875, 709.4873046875]]","[[719, 396], [1197, 396], [656, 597], [1262, 597], [524, 978], [1397, 978]]","[[599, 425], [599, 597], [1320, 597], [1320, 425]]","[704, 415]",None,None
62499,"[[865.8256225585938, 351.3184509277344], [868.681884765625, 348.447998046875], [861.5411987304688, 348.447998046875], [872.9662475585938, 349.8832092285156], [857.2568969726562, 347.0127868652344], [874.3944091796875, 358.49462890625], [845.831787109375, 351.3184509277344], [888.6757202148438, 369.9764709472656], [824.4098510742188, 362.8003234863281], [892.9601440429688, 384.3288269042969], [832.9785766601562, 378.587890625], [855.8287353515625, 385.7640380859375], [832.9785766601562, 380.0231018066406], [875.822509765625, 410.16302490234375], [812.9848022460938, 405.8573303222656], [880.10693359375, 441.7381286621094], [794.4190673828125, 441.7381286621094]]","[[709.7910766601562, 525.3978271484375], [709.7910766601562, 519.6508178710938], [711.2100219726562, 521.0875854492188], [711.2100219726562, 521.0875854492188], [728.2377319335938, 516.7774047851562], [723.9807739257812, 549.8223266601562], [736.7515869140625, 532.5814208984375], [743.846435546875, 569.9365844726562], [765.1310424804688, 555.5692749023438], [719.723876953125, 594.3611450195312], [718.304931640625, 594.3611450195312], [752.3602905273438, 598.6713256835938], [766.5499877929688, 590.0509033203125], [733.9136352539062, 656.1408081054688], [728.2377319335938, 654.7041015625], [753.7792358398438, 707.86328125], [752.3602905273438, 703.5531005859375]]","[[719, 396], [1197, 396], [656, 597], [1262, 597], [524, 978], [1397, 978]]","[[599, 425], [599, 597], [1320, 597], [1320, 425]]","[709, 414]",top,defensive shot
62500,"[[879.46484375, 347.46923828125], [880.8946533203125, 344.5962219238281], [876.6052856445312, 344.5962219238281], [880.8946533203125, 347.46923828125], [868.026611328125, 341.72320556640625], [880.8946533203125, 356.0882568359375], [858.0181274414062, 344.5962219238281], [892.3328857421875, 364.7073059082031], [826.56298828125, 351.77874755859375], [892.3328857421875, 364.7073059082031], [835.1416625976562, 366.143798828125], [859.4479370117188, 380.5088806152344], [836.5714721679688, 376.1993408203125], [875.1754760742188, 409.2389831542969], [816.5545043945312, 404.929443359375], [879.46484375, 442.2785949707031], [802.2567138671875, 437.9690856933594]]","[[713.2393188476562, 523.2369995117188], [711.799560546875, 517.4797973632812], [713.2393188476562, 517.4797973632812], [713.2393188476562, 520.3583984375], [731.955810546875, 516.04052734375], [726.1968383789062, 549.1442260742188], [740.5941162109375, 534.7513427734375], [746.3530883789062, 569.2943115234375], [769.3887329101562, 559.21923828125], [727.6365966796875, 590.8836669921875], [772.2682495117188, 585.1265258789062], [753.5517578125, 595.2015991210938], [767.9490356445312, 589.4443969726562], [727.6365966796875, 649.8945922851562], [724.7571411132812, 636.9409790039062], [756.4312133789062, 688.7554321289062], [754.9915161132812, 688.7554321289062]]","[[719, 396], [1197, 396], [656, 597], [1262, 597], [524, 978], [1397, 978]]","[[599, 425], [599, 597], [1320, 597], [1320, 425]]","[713, 414]",None,None
62501,"[[877.6427612304688, 340.97601318359375], [880.4969482421875, 338.09619140625], [876.215576171875, 336.65625], [884.7781982421875, 340.97601318359375], [871.934326171875, 335.21636962890625], [887.6324462890625, 351.0554504394531], [841.9652099609375, 349.61553955078125], [893.3407592773438, 351.0554504394531], [837.6839599609375, 345.2957763671875], [893.3407592773438, 355.37518310546875], [839.1110229492188, 372.6541748046875], [860.5174560546875, 378.4138488769531], [837.6839599609375, 374.0941162109375], [876.215576171875, 410.0920104980469], [824.8399658203125, 395.6928405761719], [879.06982421875, 440.3302307128906], [809.141845703125, 433.1306457519531]]","[[715.489990234375, 516.7568969726562], [715.489990234375, 512.4471435546875], [715.489990234375, 512.4471435546875], [715.489990234375, 515.3202514648438], [735.5993041992188, 511.0105285644531], [728.4174194335938, 542.6152954101562], [749.9630737304688, 531.1226806640625], [744.217529296875, 567.0371704101562], [768.635986328125, 564.1640014648438], [722.671875, 587.1492919921875], [785.87255859375, 594.3321533203125], [757.14501953125, 590.0224609375], [771.5087890625, 585.7127075195312], [725.5446166992188, 646.049072265625], [722.671875, 644.6124877929688], [757.14501953125, 680.5269775390625], [761.4541015625, 683.400146484375]]","[[719, 396], [1197, 396], [656, 597], [1262, 597], [524, 978], [1397, 978]]","[[599, 425], [599, 597], [1320, 597], [1320, 425]]","[717, 413]",None,None
62502,"[[878.4568481445312, 331.99920654296875], [884.21142578125, 329.1253356933594], [878.4568481445312, 326.25146484375], [888.5272216796875, 331.99920654296875], [875.5796508789062, 324.8145446777344], [888.5272216796875, 339.183837890625], [864.070556640625, 334.8730773925781], [892.8431396484375, 349.24237060546875], [845.3683471679688, 360.73779296875], [892.8431396484375, 354.9900817871094], [843.9297485351562, 370.79632568359375], [862.6319580078125, 375.10711669921875], [841.052490234375, 370.79632568359375], [877.0182495117188, 408.156494140625], [828.1048583984375, 396.66107177734375], [879.8955078125, 442.6427917480469], [812.2799072265625, 429.7104187011719]]","[[718.4091796875, 510.9667663574219], [718.4091796875, 508.0957946777344], [718.4091796875, 508.0957946777344], [719.83935546875, 512.4022827148438], [738.4322509765625, 508.0957946777344], [729.8509521484375, 536.8057861328125], [752.7344970703125, 525.32177734375], [735.5718383789062, 561.2092895507812], [772.757568359375, 556.90283203125], [708.3975830078125, 581.3063354492188], [791.3504638671875, 591.3548583984375], [757.025146484375, 591.3548583984375], [777.0482177734375, 585.6128540039062], [729.8509521484375, 634.4198608398438], [725.560302734375, 638.7263793945312], [757.025146484375, 668.8718872070312], [758.455322265625, 668.8718872070312]]","[[719, 396], [1197, 396], [656, 597], [1262, 597], [524, 978], [1397, 978]]","[[599, 425], [599, 597], [1320, 597], [1320, 425]]","[722, 412]",None,None
62503,"[[878.2545166015625, 330.548583984375], [882.5381469726562, 329.1101379394531], [876.8267822265625, 327.67169189453125], [888.2495727539062, 333.42547607421875], [883.9659423828125, 333.42547607421875], [889.6773681640625, 340.61773681640625], [863.9760131835938, 334.8639221191406], [892.5331420898438, 349.2484130859375], [845.4138793945312, 363.63287353515625], [892.5331420898438, 353.5637512207031], [845.4138793945312, 375.1404724121094], [862.5481567382812, 375.1404724121094], [841.13037109375, 372.2635803222656], [876.8267822265625, 408.2247314453125], [828.2796630859375, 396.7171630859375], [879.6824340820312, 442.7474365234375], [812.5731811523438, 429.8014221191406]]","[[717.3768310546875, 510.758544921875], [718.8167114257812, 507.8762512207031], [718.8167114257812, 507.8762512207031], [720.256591796875, 512.19970703125], [738.9749755859375, 507.8762512207031], [728.8958129882812, 536.6995239257812], [753.3738403320312, 526.6113891601562], [734.6553955078125, 561.1992797851562], [772.0922241210938, 556.8758544921875], [708.7374877929688, 581.3756103515625], [792.2505493164062, 592.9049072265625], [757.6934204101562, 591.4638061523438], [776.411865234375, 585.6991577148438], [728.8958129882812, 634.69873046875], [726.0160522460938, 637.5810546875], [757.6934204101562, 669.2866821289062], [759.13330078125, 670.7278442382812]]","[[719, 396], [1197, 396], [656, 597], [1262, 597], [524, 978], [1397, 978]]","[[599, 425], [599, 597], [1320, 597], [1320, 425]]","[726, 411]",None,None
62504,"[[893.628173828125, 327.48773193359375], [893.628173828125, 324.6163024902344], [890.7559814453125, 324.6163024902344], [893.628173828125, 324.6163024902344], [882.139404296875, 320.30908203125], [892.192138671875, 334.6663513183594], [866.3424072265625, 330.35919189453125], [886.44775390625, 350.4593811035156], [856.2897338867188, 344.7164611816406], [895.064208984375, 338.97357177734375], [893.628173828125, 340.4092712402344], [866.3424072265625, 374.8667297363281], [847.6732788085938, 370.5595703125], [879.2672119140625, 407.8884582519531], [830.4401245117188, 400.7098388671875], [879.2672119140625, 440.9101867675781], [818.951416015625, 429.42437744140625]]","[[723.4862060546875, 509.214111328125], [723.4862060546875, 504.9093322753906], [723.4862060546875, 503.4743957519531], [724.9201049804688, 507.7791748046875], [743.5609130859375, 504.9093322753906], [729.2218627929688, 533.6077880859375], [763.6356811523438, 523.5632934570312], [719.1844482421875, 558.00146484375], [779.4087524414062, 550.8268432617188], [694.8079833984375, 576.655517578125], [795.1817626953125, 583.830078125], [759.3340454101562, 583.830078125], [782.2765502929688, 580.960205078125], [733.5235595703125, 619.7031860351562], [747.8626708984375, 613.9635009765625], [756.4661254882812, 659.8810424804688], [759.3340454101562, 662.7508544921875]]","[[719, 396], [1197, 396], [656, 597], [1262, 597], [524, 978], [1397, 978]]","[[599, 425], [599, 597], [1320, 597], [1320, 425]]","[730, 411]",None,None
62505,"[[895.8532104492188, 329.9280090332031], [895.8532104492188, 321.3245849609375], [894.427978515625, 322.7584533691406], [894.427978515625, 321.3245849609375], [890.1522216796875, 322.7584533691406], [890.1522216796875, 331.3619384765625], [867.3482666015625, 331.3619384765625], [893.002685546875, 339.9653625488281], [864.4977416992188, 335.66363525390625], [891.5774536132812, 339.9653625488281], [891.5774536132812, 339.9653625488281], [870.19873046875, 371.5113220214844], [850.2452392578125, 370.0774230957031], [880.175537109375, 407.3590393066406], [838.84326171875, 397.3216552734375], [878.7501831054688, 440.3388977050781], [826.0160522460938, 427.4337463378906]]","[[728.0811767578125, 503.41815185546875], [729.5176391601562, 500.5365905761719], [729.5176391601562, 500.5365905761719], [730.9541015625, 504.8589782714844], [749.6278686523438, 500.5365905761719], [730.9541015625, 527.9116821289062], [768.3016967773438, 519.2669677734375], [712.2802734375, 552.4052734375], [784.1026000976562, 548.0828857421875], [695.0428466796875, 571.1355590820312], [797.0305786132812, 576.8988037109375], [762.555908203125, 582.6619262695312], [785.5390014648438, 578.3395385742188], [741.0091552734375, 599.9515380859375], [762.555908203125, 602.8331298828125], [746.7549438476562, 641.734619140625], [752.500732421875, 634.5306396484375]]","[[719, 396], [1197, 396], [656, 597], [1262, 597], [524, 978], [1397, 978]]","[[599, 425], [599, 597], [1320, 597], [1320, 425]]","[735, 410]",None,None
62506,"[[889.4481201171875, 318.24346923828125], [896.6102294921875, 315.3706970214844], [886.5833129882812, 315.3706970214844], [898.0426025390625, 316.80706787109375], [882.2860107421875, 315.3706970214844], [893.745361328125, 331.1708068847656], [865.0969848632812, 329.7344055175781], [886.5833129882812, 349.8435974121094], [847.9080200195312, 351.27996826171875], [883.7183837890625, 365.6436767578125], [895.1777954101562, 331.1708068847656], [873.6915283203125, 368.51641845703125], [853.6376953125, 368.51641845703125], [885.1508178710938, 402.98931884765625], [847.9080200195312, 395.8074645996094], [880.8535766601562, 438.8985900878906], [836.4486694335938, 427.4076232910156]]","[[736.890625, 499.5777893066406], [736.890625, 496.7115478515625], [755.5635986328125, 492.4121398925781], [736.890625, 499.5777893066406], [757.0, 496.7115478515625], [734.0178833007812, 522.5079345703125], [771.3638305664062, 515.34228515625], [716.7813110351562, 549.7374877929688], [790.0368041992188, 544.0049438476562], [696.6719360351562, 571.2344360351562], [808.7097778320312, 579.833251953125], [758.4363403320312, 576.9669189453125], [785.7276611328125, 575.5338134765625], [746.9453125, 599.8970947265625], [779.9821166992188, 595.5977172851562], [746.9453125, 637.1585083007812], [769.9274291992188, 631.426025390625]]","[[719, 396], [1197, 396], [656, 597], [1262, 597], [524, 978], [1397, 978]]","[[599, 425], [599, 597], [1320, 597], [1320, 425]]","[739, 409]",None,None
62507,"[[897.9200439453125, 319.6906433105469], [899.352783203125, 313.9531555175781], [893.6217651367188, 313.9531555175781], [900.7855834960938, 315.3875427246094], [886.4579467773438, 311.08441162109375], [897.9200439453125, 326.8625183105469], [866.3992919921875, 328.296875], [889.3234252929688, 346.9437255859375], [849.2061157226562, 352.6811828613281], [885.025146484375, 364.15618896484375], [854.9371337890625, 359.85308837890625], [877.861328125, 367.0249328613281], [859.2354125976562, 368.4593200683594], [890.7562255859375, 398.5811462402344], [853.5043334960938, 398.5811462402344], [885.025146484375, 435.8747863769531], [844.9077758789062, 430.1373291015625]]","[[764.5900268554688, 493.2959289550781], [760.287353515625, 487.53179931640625], [764.5900268554688, 491.8548889160156], [744.510986328125, 496.1780090332031], [764.5900268554688, 493.2959289550781], [737.3399658203125, 522.1165771484375], [778.9321899414062, 514.9114379882812], [722.997802734375, 549.4961547851562], [796.1427612304688, 549.4961547851562], [702.9187622070312, 572.5526733398438], [814.7875366210938, 575.4347534179688], [760.287353515625, 579.7578735351562], [787.5374145507812, 578.3168334960938], [751.68212890625, 594.1681518554688], [791.840087890625, 595.6091918945312], [744.510986328125, 637.3991088867188], [787.5374145507812, 635.9580688476562]]","[[719, 396], [1197, 396], [656, 597], [1262, 597], [524, 978], [1397, 978]]","[[599, 425], [599, 597], [1320, 597], [1320, 425]]","[743, 408]",None,None
62508,"[[894.0750122070312, 313.5326232910156], [898.33544921875, 310.6678161621094], [892.65478515625, 310.6678161621094], [902.5958862304688, 313.5326232910156], [886.9742431640625, 312.1002502441406], [899.755615234375, 329.2890930175781], [871.3526000976562, 327.856689453125], [891.2346801757812, 345.0455322265625], [850.0503540039062, 352.2075500488281], [888.3944091796875, 362.2344055175781], [852.890625, 350.775146484375], [882.7138061523438, 366.5316162109375], [862.8316650390625, 369.39642333984375], [896.915283203125, 399.4769287109375], [858.5711669921875, 398.04449462890625], [891.2346801757812, 435.2870178222656], [850.0503540039062, 430.98980712890625]]","[[771.6283569335938, 491.8902282714844], [770.1995849609375, 487.5842590332031], [771.6283569335938, 490.45489501953125], [753.0536499023438, 493.3255920410156], [771.6283569335938, 493.3255920410156], [743.0518188476562, 520.5966796875], [784.4878540039062, 516.2907104492188], [728.7635498046875, 549.3031616210938], [800.2049560546875, 546.4325561523438], [714.4752807617188, 572.268310546875], [820.20849609375, 570.8330078125], [760.19775390625, 580.8803100585938], [791.6319580078125, 580.8803100585938], [755.9112548828125, 595.2335205078125], [805.9202270507812, 590.9275512695312], [745.9094848632812, 626.8106079101562], [803.0626220703125, 635.422607421875]]","[[719, 396], [1197, 396], [656, 597], [1262, 597], [524, 978], [1397, 978]]","[[599, 425], [599, 597], [1320, 597], [1320, 425]]","[748, 408]",None,None
62509,"[[894.1012573242188, 314.8953552246094], [898.361572265625, 312.02886962890625], [892.6810913085938, 310.5955810546875], [902.6218872070312, 313.4621276855469], [887.0006103515625, 312.02886962890625], [899.7816772460938, 329.2279052734375], [871.3793334960938, 327.7946472167969], [891.2609252929688, 344.99371337890625], [850.0775756835938, 352.15997314453125], [888.4207763671875, 362.1927795410156], [852.9177856445312, 350.7267150878906], [882.7402954101562, 366.4925231933594], [862.8585815429688, 369.35906982421875], [896.94140625, 399.4573974609375], [858.5982666015625, 398.0241394042969], [891.2609252929688, 435.2887268066406], [850.0775756835938, 430.98895263671875]]","[[771.595458984375, 491.99658203125], [770.1678466796875, 487.69818115234375], [771.595458984375, 490.5638122558594], [753.0366821289062, 493.42938232421875], [771.595458984375, 493.42938232421875], [743.0435791015625, 520.652587890625], [784.4437866210938, 516.3541870117188], [728.767578125, 549.3085327148438], [800.1472778320312, 546.4429321289062], [714.4916381835938, 572.2333374023438], [820.1336669921875, 570.8004760742188], [760.1746215820312, 580.830078125], [791.581787109375, 580.830078125], [755.8919067382812, 595.1580810546875], [805.8577270507812, 590.8596801757812], [745.898681640625, 628.1124267578125], [804.4301147460938, 635.2764282226562]]","[[719, 396], [1197, 396], [656, 597], [1262, 597], [524, 978], [1397, 978]]","[[599, 425], [599, 597], [1320, 597], [1320, 425]]","[752, 407]",None,None
62510,"[[897.107666015625, 314.37408447265625], [901.416259765625, 311.5113830566406], [894.2353515625, 310.08001708984375], [904.2885131835938, 312.9427490234375], [888.4906616210938, 311.5113830566406], [902.8524169921875, 327.25634765625], [872.6927490234375, 327.25634765625], [892.7991333007812, 347.2953796386719], [859.7672119140625, 330.1190490722656], [892.7991333007812, 364.4717102050781], [852.5863647460938, 353.02081298828125], [888.4906616210938, 370.1971435546875], [866.9481201171875, 370.1971435546875], [904.2885131835938, 398.8243408203125], [861.2034301757812, 403.1184387207031], [899.9800415039062, 434.60833740234375], [852.5863647460938, 434.60833740234375]]","[[779.2046508789062, 490.5421447753906], [776.3253173828125, 487.66082763671875], [779.2046508789062, 487.66082763671875], [760.4891357421875, 493.42352294921875], [779.2046508789062, 491.98284912109375], [750.4114990234375, 520.79638671875], [792.1615600585938, 516.474365234375], [737.45458984375, 548.1693115234375], [802.2391357421875, 540.9658813476562], [727.3770141601562, 572.6608276367188], [831.0322875976562, 561.1353759765625], [760.4891357421875, 579.8641967773438], [790.721923828125, 578.4235229492188], [761.9287719726562, 592.830322265625], [818.0753784179688, 585.626953125], [744.6528930664062, 625.9659423828125], [816.6357421875, 638.9320068359375]]","[[719, 396], [1197, 396], [656, 597], [1262, 597], [524, 978], [1397, 978]]","[[599, 425], [599, 597], [1320, 597], [1320, 425]]","[756, 406]",None,None
62511,"[[898.2874755859375, 315.30682373046875], [901.152099609375, 312.43634033203125], [896.8551635742188, 312.43634033203125], [905.448974609375, 315.30682373046875], [892.5582885742188, 313.87158203125], [905.448974609375, 331.0945129394531], [872.5060424804688, 331.0945129394531], [904.0167236328125, 339.70599365234375], [853.8860473632812, 344.01171875], [893.9905395507812, 326.7887878417969], [858.1829223632812, 356.928955078125], [891.1259765625, 371.2814025878906], [869.6414184570312, 372.7166442871094], [911.17822265625, 401.4215393066406], [862.4798583984375, 402.8568115234375], [909.7459106445312, 434.4322204589844], [852.4537963867188, 430.1264343261719]]","[[788.456298828125, 489.2840270996094], [785.5865478515625, 483.5181884765625], [787.0213623046875, 486.401123046875], [766.9331665039062, 492.1669616699219], [784.1516723632812, 490.7254638671875], [761.1937255859375, 516.6716918945312], [794.1957397460938, 513.788818359375], [743.9752807617188, 545.5007934570312], [815.7188720703125, 542.617919921875], [733.93115234375, 575.7714233398438], [847.2860717773438, 544.0593872070312], [762.628662109375, 575.7714233398438], [788.456298828125, 578.654296875], [765.4983520507812, 594.5103149414062], [825.7630004882812, 590.1859741210938], [742.5404052734375, 629.105224609375], [821.4583129882812, 642.078369140625]]","[[719, 396], [1197, 396], [656, 597], [1262, 597], [524, 978], [1397, 978]]","[[599, 425], [599, 597], [1320, 597], [1320, 425]]","[761, 405]",None,None
